6932635952696987497,16825117127882417238
6932635952696987497,7307794950321886069
6932635952696987497,3625428150349054281
6932635952696987497,12198118661846779630
6932635952696987497,8399336692515649010
6932635952696987497,11674858610055625890
1693931353023812964,14944360290210837729
1693931353023812964,7516930703802703056
6932635952696987497,11791470656284303461
6932635952696987497,8917466995659723699
1693931353023812964,2192884670963927280
1693931353023812964,16496612597442747816
6932635952696987497,10804919048705069837
1693931353023812964,3782932809859257809
6932635952696987497,17873445099886522333
6932635952696987497,14072222053499884594
6932635952696987497,3168669763153541065
1693931353023812964,14686688080678637970
6932635952696987497,3762639718564679302
6932635952696987497,5077333582606061096
6932635952696987497,9531618510984211523
6932635952696987497,2620940181460272740
6932635952696987497,12968601901981402196
6932635952696987497,3820539702870861397
6932635952696987497,10364729882135679752
6932635952696987497,637516313413798915
6932635952696987497,17802484025180324377
6932635952696987497,6302473232814925863
6932635952696987497,3446020615553537686
1693931353023812964,1029826990632586254
6932635952696987497,6570401361779417232
6932635952696987497,10387823508368754228
6932635952696987497,2636819522896052491
6932635952696987497,1246643169982677614
6932635952696987497,10522000197171711325
6932635952696987497,7151213824018535511
6932635952696987497,17032353848808233595
1693931353023812964,400492219611116597
6932635952696987497,7375428995527297210
1693931353023812964,12532983988398542181
6932635952696987497,1858883152569055236
6932635952696987497,2192203272259435859
6932635952696987497,3688178683194837932
6932635952696987497,14007443502857828244
6932635952696987497,1133153365606829918
6932635952696987497,17350176029959147755
6932635952696987497,10848247543699463463
6932635952696987497,12770064959007753371
6932635952696987497,17510045608124236345
1693931353023812964,491405544448706204
1693931353023812964,16780679263340083605
6932635952696987497,4886505500100741167
6932635952696987497,1947436817271961928
6932635952696987497,253673687671490391
6932635952696987497,4215966337485211394
6932635952696987497,10822019927799198615
6932635952696987497,8764023120102815000
1693931353023812964,686314084328503482
6932635952696987497,11659378510158163619
6932635952696987497,16377955394494739967
6932635952696987497,552000730738342937
6932635952696987497,125176723125287338
6932635952696987497,5004095689572502232
6932635952696987497,16970695715454843254
6932635952696987497,7935804024426035019
6932635952696987497,5272966036016050340
6932635952696987497,8154976936042322328
6932635952696987497,17203501085000709991
6932635952696987497,17131274956896149965
6932635952696987497,14400769552961727505
6932635952696987497,8279884728730299195
1693931353023812964,9582943331224321640
1693931353023812964,16117309824269465338
1693931353023812964,4173331297385652065
6932635952696987497,779831677609612486
6932635952696987497,13798188046067724713
6932635952696987497,12039502940853904500
6932635952696987497,3044923824147689110
6932635952696987497,946465567045569116
6932635952696987497,846453899194938423
6932635952696987497,9711996537868465978
1693931353023812964,7183834903969858379
6932635952696987497,6176024757015962435
6932635952696987497,14341501562535253877
6932635952696987497,10840725937677896757
6932635952696987497,3248706138589931499
6932635952696987497,18308608928908419455
6932635952696987497,10041703685604222237
6932635952696987497,15547818391403095889
1693931353023812964,3684884219513825246
6932635952696987497,865134338624761034
1693931353023812964,16698344054611722079
6932635952696987497,6420155617893380728
6932635952696987497,7815094289895812878
6932635952696987497,5548760993582548983
6932635952696987497,5796775462342950231
6932635952696987497,13598406091921587113
6932635952696987497,2173914746016656244
6932635952696987497,12169189053330062324
6932635952696987497,12461523114190374800
6932635952696987497,8264379214811690810
6932635952696987497,7378246183480697826
6932635952696987497,15927332128745674012
1693931353023812964,17244061253770000117
6932635952696987497,11273814755815647776
1693931353023812964,14205509916534350660
6932635952696987497,13995399870705361574
6932635952696987497,1708888704690681998
6932635952696987497,15612312742718177918
6932635952696987497,6774604490702688746
1693931353023812964,14926457846097757779
6932635952696987497,7103607512609726161
6932635952696987497,15282703576466653762
1693931353023812964,8821528204392129313
6932635952696987497,13514252750060141096
6932635952696987497,9810862287201971676
1693931353023812964,12446533858978031483
6932635952696987497,9992403003593038126
1693931353023812964,16334319519392631080
6932635952696987497,11330673011953816304
6932635952696987497,14995774437533366342
6932635952696987497,14359870533410682532
6932635952696987497,11470345324253691266
6932635952696987497,3257878358476588333
6932635952696987497,236728145705729437
6932635952696987497,2399524573134199155
1693931353023812964,13467139698051271657
6932635952696987497,16557353176394268653
6932635952696987497,7953009135474822259
6932635952696987497,7701090052584317914
6932635952696987497,3536188704137000320
6932635952696987497,13546636823549665404
1693931353023812964,14946430650144792927
6932635952696987497,5941511751890069274
6932635952696987497,664212013574139335
6932635952696987497,13594773430748913453
1693931353023812964,10187550989761634572
6932635952696987497,16701994459558913932
6932635952696987497,15304110409581630017
6932635952696987497,11660487817092502365
6932635952696987497,10785528908919883340
6932635952696987497,12248810270821396215
6932635952696987497,3034001464900495244
6932635952696987497,8681734894449925125
6932635952696987497,16888611580429202117
6932635952696987497,5108324419619772716
6932635952696987497,83043589809650150
6932635952696987497,4639286438072243722
6932635952696987497,17265006748345013810
6932635952696987497,10223759090592472664
6932635952696987497,13921666814087993882
6932635952696987497,1195759858186138574
1693931353023812964,5687245554165202787
6932635952696987497,12854159024884290756
6932635952696987497,6900984378757718865
6932635952696987497,2192282180454562922
6932635952696987497,18100643721840505914
1693931353023812964,11271270748260470369
6932635952696987497,2026870580949985709
1693931353023812964,9765043652310502131
6932635952696987497,14602730198428310539
6932635952696987497,16316328171870357483
6932635952696987497,6680082371490103627
1693931353023812964,9896167969377147398
6932635952696987497,5072339329083654159
6932635952696987497,4667671783274839695
1693931353023812964,3853352337408403075
6932635952696987497,12912542919804741191
1693931353023812964,2638083575519284386
6932635952696987497,17835140859957249688
6932635952696987497,5614707666611075896
6932635952696987497,13022449405365643862
6932635952696987497,9989415221791830941
6932635952696987497,15754284864076195428
6932635952696987497,15030415591711985460
6932635952696987497,5257124111261883471
6932635952696987497,2626752299244991059
6932635952696987497,16466630397458860054
1693931353023812964,1902285633141565389
6932635952696987497,10784543073804381797
6932635952696987497,10095094653961279018
1693931353023812964,14775190934423899487
6932635952696987497,3251436112769052431
1693931353023812964,12062837732486545695
1693931353023812964,195908637084355213
6932635952696987497,4747917223553583291
6932635952696987497,5997236114180844577
6932635952696987497,8836907226208825072
6932635952696987497,15705799863044070335
6932635952696987497,88675406464230025
6932635952696987497,17319312091967137318
6932635952696987497,9463040827234121659
6932635952696987497,475857308425681637
6932635952696987497,9175038347449976516
6932635952696987497,10730623895495326376
1693931353023812964,1014679033043432701
6932635952696987497,179234067898553225
6932635952696987497,5942184894012085422
6932635952696987497,5625794522891325180
6932635952696987497,6765777558314126390
6932635952696987497,271040549306565506
6932635952696987497,8336836761439695563
6932635952696987497,7646899917976078849
6932635952696987497,376608142626110406
6932635952696987497,9721465095739588736
6932635952696987497,4160424211539082329
1693931353023812964,16301260458265285491
1693931353023812964,13856693822258779927
6932635952696987497,16408955026804737426
6932635952696987497,771383423578359804
6932635952696987497,5489390596795537464
6932635952696987497,5726150701378696391
6932635952696987497,11332264424043777025
6932635952696987497,5098792589923235865
6932635952696987497,9889891934121683523
1693931353023812964,9176787617923541399
1693931353023812964,5957455442707054513
6932635952696987497,6161783112763635662
1693931353023812964,10404599624609704575
1693931353023812964,16645398209379089502
6932635952696987497,4744537376962349877
1693931353023812964,11152559092903121528
6932635952696987497,11817494991471247485
6932635952696987497,2413874662532155751
6932635952696987497,3391866259872762874
6932635952696987497,2932121437313946675
1693931353023812964,4407202564900924774
6932635952696987497,14706277665213034309
6932635952696987497,17251838425358452758
6932635952696987497,14733257780961002268
6932635952696987497,13856482879692464086
1693931353023812964,1377249689847601472
1693931353023812964,7237241311913365563
6932635952696987497,15805137509813577445
1693931353023812964,108508736151227003
1693931353023812964,16544352336580798071
6932635952696987497,13995462652102665362
6932635952696987497,2547865615457124584
6932635952696987497,9242467962596055521
6932635952696987497,10748269104768838371
6932635952696987497,553039168967079023
6932635952696987497,14944309853167216649
6932635952696987497,6547176652010985681
6932635952696987497,3496644196114550295
6932635952696987497,3989859327483902518
6932635952696987497,2400917128736122594
6932635952696987497,1747471871219593983
6932635952696987497,5365235102925816761
6932635952696987497,15594726284248627525
6932635952696987497,10520546249134202664
6932635952696987497,3749767001364212822
6932635952696987497,8096285761714621767
6932635952696987497,18065447258574523622
6932635952696987497,7076147519021309342
6932635952696987497,17191527695135520749
6932635952696987497,15270989758899650115
1693931353023812964,8504833316760922501
6932635952696987497,9017878827640021328
6932635952696987497,3020160218527867458
6932635952696987497,5040728431787051889
1693931353023812964,16134308590245915427
6932635952696987497,14257017928214127120
6932635952696987497,16293620652194362276
6932635952696987497,843850694180954530
6932635952696987497,3068759019473468230
1693931353023812964,9609934618230660200
1693931353023812964,6155119381860031223
6932635952696987497,7479644890972379195
6932635952696987497,14614375232028617779
6932635952696987497,11878474299565376908
6932635952696987497,11855951574792640406
6932635952696987497,5023250443404150861
1693931353023812964,235346259599345765
1693931353023812964,4438114919742026212
6932635952696987497,11845184584888395621
6932635952696987497,15119894485739738553
6932635952696987497,15510116706594080031
6932635952696987497,5049707128076933254
6932635952696987497,4390081847490846661
6932635952696987497,1208171764054637750
6932635952696987497,1405259461876952292
6932635952696987497,4703335899306258186
6932635952696987497,4178717757866521616
6932635952696987497,1522039179994251438
6932635952696987497,1840371852380368595
1693931353023812964,10156287689935024447
6932635952696987497,10543099770293927736
1693931353023812964,6760009181956269960
6932635952696987497,8843567442852180474
6932635952696987497,17926985958416516655
6932635952696987497,4340881705659162049
6932635952696987497,17647841450608355405
6932635952696987497,1648353953670842376
6932635952696987497,12733330286047339433
6932635952696987497,16411060105935885310
6932635952696987497,13786423321310370504
1693931353023812964,18378806364325088114
1693931353023812964,8881845383641379466
6932635952696987497,17780027100805775950
1693931353023812964,5325499512581734741
1693931353023812964,16105983788987718908
6932635952696987497,5104957332838452734
6932635952696987497,5351575746865467524
6932635952696987497,15224534044668494650
6932635952696987497,11871472111363731326
6932635952696987497,16303036670405164359
6932635952696987497,7749330201904672468
6932635952696987497,3252041565563957226
6932635952696987497,11515597719861377300
6932635952696987497,382194064406890117
1693931353023812964,677936365389041828
1693931353023812964,2713134410923476786
6932635952696987497,16750559421515319813
1693931353023812964,383037994741764403
6932635952696987497,10589639753743134386
6932635952696987497,1892220047487876972
1693931353023812964,1982503629449248788
6932635952696987497,758236650811212666
6932635952696987497,2665023923979230626
6932635952696987497,7655615266572471620
6932635952696987497,16820369190479447398
6932635952696987497,6959212746143480257
6932635952696987497,14061704412756649133
6932635952696987497,8112487268792121182
6932635952696987497,17819511025543584502
6932635952696987497,15974501988869569645
6932635952696987497,13937146031764626615
6932635952696987497,16371816785161088246
6932635952696987497,646529777709456051
6932635952696987497,14751753404816773411
6932635952696987497,17829395934101597622
6932635952696987497,17463373947749993613
6932635952696987497,16869441468410292700
1693931353023812964,8604628247710168330
6932635952696987497,4113303330303603178
6932635952696987497,3836568003032304104
1693931353023812964,15767527515775332243
1693931353023812964,11553708043991444598
1693931353023812964,8424857959927370060
6932635952696987497,128788586365489109
6932635952696987497,10488190246111163501
1693931353023812964,16470904294239699911
1693931353023812964,7303138104655087703
6932635952696987497,12827447237030557102
6932635952696987497,641602610720528037
6932635952696987497,2608742522489628505
6932635952696987497,15943574235243246733
1693931353023812964,16606265638106416377
6932635952696987497,17199366494824698222
1693931353023812964,9168358608107603028
6932635952696987497,6834509665212389348
6932635952696987497,13756228289124573036
1693931353023812964,17904308892641469319
6932635952696987497,15728200048935345135
6932635952696987497,14817186096025816774
1693931353023812964,12475898382394637895
6932635952696987497,8474971316626104070
6932635952696987497,12700714849300685464
6932635952696987497,11030234965023862109
6932635952696987497,18371980921939509665
6932635952696987497,17187623857717559652
6932635952696987497,4955120330381956084
6932635952696987497,15430711637891992073
6932635952696987497,7155370268093204087
6932635952696987497,9884297394857867572
6932635952696987497,11223979582848785302
1693931353023812964,10168967212125535968
6932635952696987497,2131632860719970018
6932635952696987497,3272966027520861438
6932635952696987497,7658962189755884612
1693931353023812964,16472463701368970062
6932635952696987497,15929320315121385733
6932635952696987497,5451439407848897324
6932635952696987497,12193863354169018589
6932635952696987497,9846381085861815206
6932635952696987497,9878685864503430202
1693931353023812964,13928637518263927302
6932635952696987497,17309898823694466723
6932635952696987497,9233419473586719983
6932635952696987497,9132388733650559754
6932635952696987497,14984718464351740192
6932635952696987497,18128488681970253276
6932635952696987497,11403594175278495606
6932635952696987497,4068079938164193554
1693931353023812964,16523950496208515061
1693931353023812964,11711575058778885436
6932635952696987497,17841874641981187977
6932635952696987497,6675276431466892172
6932635952696987497,12689451411180589472
6932635952696987497,3437139210146800076
6932635952696987497,1749024576214510030
6932635952696987497,3000953692632422171
6932635952696987497,18112454098763701372
6932635952696987497,14752062570520581194
6932635952696987497,16895263397979423039
6932635952696987497,17443633423424466591
6932635952696987497,15137801113292124099
6932635952696987497,16529775909935862670
1693931353023812964,495927432284364493
1693931353023812964,15480603135877109376
6932635952696987497,7330524817199634410
6932635952696987497,9033585298234853629
6932635952696987497,6515437746443965095
6932635952696987497,3354893612248784160
1693931353023812964,7119278150244405435
6932635952696987497,761222188869055612
6932635952696987497,1752794850921010949
6932635952696987497,14209338885667305766
1693931353023812964,15040098324726793028
1693931353023812964,3715920268654433830
1693931353023812964,13672832987071913832
1693931353023812964,16287977213762607230
6932635952696987497,5914141839626085148
6932635952696987497,729685430926170056
6932635952696987497,4895116615419904080
6932635952696987497,1001644208119807472
6932635952696987497,11851267325671653722
1693931353023812964,1436522808089209553
6932635952696987497,18195042913858790289
6932635952696987497,1101518875491103957
6932635952696987497,2701372168651381317
6932635952696987497,10875181479896772006
6932635952696987497,5999147029210356155
1693931353023812964,13396014438299568182
1693931353023812964,6876350530641507812
6932635952696987497,1193922634267815061
6932635952696987497,5044190932629181274
6932635952696987497,17599583931653133452
6932635952696987497,3610439908828763651
6932635952696987497,13715820082384657089
1693931353023812964,17316395660186284652
6932635952696987497,11163350585996660993
1693931353023812964,9918281641249173910
6932635952696987497,1750499348053072716
6932635952696987497,10265989924291425389
6932635952696987497,9440912877567178500
6932635952696987497,7790123099234087917
6932635952696987497,18020018286745086453
6932635952696987497,5821686939624365325
6932635952696987497,7122382451390179095
6932635952696987497,10146270145799617819
1693931353023812964,13679612577514487144
6932635952696987497,8729439686779219990
6932635952696987497,15436962608084563218
6932635952696987497,14298893062570192977
6932635952696987497,3009597626198095615
6932635952696987497,12022866066389264772
1693931353023812964,17481706954653999069
6932635952696987497,7141382980898085968
6932635952696987497,16711633494686105968
6932635952696987497,10155370174307413968
6932635952696987497,2782808541169986563
6932635952696987497,9182475246294762789
6932635952696987497,18389475636884605085
6932635952696987497,18073699609513750054
6932635952696987497,14422213304904947390
6932635952696987497,16050089498975685154
1693931353023812964,10122688503548229687
6932635952696987497,9944843352192337063
6932635952696987497,16211583557994125934
1693931353023812964,9030190667172227852
6932635952696987497,462911560090722534
6932635952696987497,2011459226124139630
1693931353023812964,5157931772860621869
6932635952696987497,3933878473245972443
1693931353023812964,827401257890607849
1693931353023812964,17228349758856081187
6932635952696987497,12084424401359530311
6932635952696987497,15012461761582080406
6932635952696987497,4133937277136043685
6932635952696987497,11515522771432809803
6932635952696987497,3349878385564506875
6932635952696987497,3352049454266223925
6932635952696987497,4264325353080313801
6932635952696987497,12403752246890128548
6932635952696987497,9241799730246572651
1693931353023812964,3045523240578639758
1693931353023812964,8891682534851938425
6932635952696987497,3526693407911946265
6932635952696987497,3211273245719342233
6932635952696987497,11040252191273222236
6932635952696987497,1435222503111355312
6932635952696987497,11090282642785921282
6932635952696987497,11080209127612025493
1693931353023812964,15724895006326405891
6932635952696987497,10075671249136904246
6932635952696987497,969193836212555854
1693931353023812964,7166111582581429291
1693931353023812964,6893309398486227736
6932635952696987497,15170117700040020554
6932635952696987497,16441945066559982947
6932635952696987497,6331397690935417329
6932635952696987497,13880528618068042383
6932635952696987497,7263304594755637053
6932635952696987497,8162725137228165471
6932635952696987497,4585072978270292654
6932635952696987497,14770788604097314238
6932635952696987497,14870555746208438379
6932635952696987497,5175034566916425373
6932635952696987497,12875083705129158459
6932635952696987497,13673603835842491037
6932635952696987497,5580514099752785692
6932635952696987497,1917646224365089134
1693931353023812964,4691653624234949391
6932635952696987497,17347371565173221117
6932635952696987497,7342108600882330757
6932635952696987497,17042015123339533741
6932635952696987497,12072243469650122415
1693931353023812964,14218930887489798082
6932635952696987497,11976379768142225258
6932635952696987497,6152877881179821160
6932635952696987497,5835139641086378811
6932635952696987497,15779010075353221729
6932635952696987497,11886053535857360039
6932635952696987497,12232517202344751847
6932635952696987497,5551300485297019404
6932635952696987497,1503881172830788232
6932635952696987497,10632540881593036002
6932635952696987497,12592839148360979895
6932635952696987497,14760147038524542578
6932635952696987497,14246977149326935450
6932635952696987497,4728415823486760561
6932635952696987497,14813912207581116627
1693931353023812964,13828729165730149816
1693931353023812964,7840827972209262430
6932635952696987497,14742570372650411528
6932635952696987497,6346736088494660828
6932635952696987497,14877459111283068728
6932635952696987497,12222301467193860515
6932635952696987497,9491857188861479365
6932635952696987497,17035130065681675659
6932635952696987497,15494232035662330751
1693931353023812964,5245977430956181567
6932635952696987497,2979484372298528908
1693931353023812964,3263216778816242372
6932635952696987497,9638536653599960789
6932635952696987497,14308162329539335957
6932635952696987497,10781398847451864653
6932635952696987497,12184970909942976584
6932635952696987497,9230756787398958515
6932635952696987497,13291230363885603626
6932635952696987497,13929770829538332410
6932635952696987497,3540959950701351680
6932635952696987497,9147505415163954465
1693931353023812964,12427133342654108095
6932635952696987497,16300436323306126142
6932635952696987497,11345026722839416333
6932635952696987497,8180169266129029581
1693931353023812964,18038419211507130217
6932635952696987497,15124205132817761119
6932635952696987497,6791109853507163952
6932635952696987497,14368227182406997341
6932635952696987497,7266787887703975727
6932635952696987497,5790824896059395423
1693931353023812964,7048968793852889727
6932635952696987497,7568454633650599289
6932635952696987497,9765243596168861899
6932635952696987497,11108018395219016748
6932635952696987497,13385287033006285122
1693931353023812964,11001745964487239067
6932635952696987497,16912650210201591467
6932635952696987497,9769849576140755087
6932635952696987497,3374988383137018157
6932635952696987497,7314376032717035959
6932635952696987497,7867597994307789135
6932635952696987497,801566204578052146
1693931353023812964,5947266874930826503
6932635952696987497,13052142120406397057
6932635952696987497,13257065391969223438
1693931353023812964,207114288618563287
6932635952696987497,15896947521932140163
6932635952696987497,15527980639384633850
6932635952696987497,13079206776915795372
6932635952696987497,6740403986339813105
6932635952696987497,3817520923000337090
1693931353023812964,12789711668448598940
1693931353023812964,1010908207689639303
6932635952696987497,5241867138726139171
1693931353023812964,4309656248737504636
6932635952696987497,9834561640059070200
6932635952696987497,3329764845520932810
6932635952696987497,14072873434921254138
6932635952696987497,16809373239024248847
6932635952696987497,10590088055170796593
1693931353023812964,13111788779787636554
6932635952696987497,18191038052144221572
6932635952696987497,3347635477473022211
1693931353023812964,6528895928178670191
1693931353023812964,2434676567982883727
6932635952696987497,591381967989323673
6932635952696987497,12161862713209223959
6932635952696987497,10741096040310321668
6932635952696987497,111413790385736274
6932635952696987497,1245593895692116969
6932635952696987497,4238102660073614599
1693931353023812964,12369013454941643000
6932635952696987497,16454115832579695447
6932635952696987497,5744682759531707019
6932635952696987497,16817131551411353626
6932635952696987497,8692195296928438920
6932635952696987497,7584663604599496300
1693931353023812964,5492639754011998595
6932635952696987497,5235548880699957457
1693931353023812964,9467900735405122757
6932635952696987497,3224125716553294978
1693931353023812964,1473620315850502994
6932635952696987497,14645579394149317621
6932635952696987497,5924524091258889390
6932635952696987497,3683204946719578371
6932635952696987497,3409283778734049350
6932635952696987497,11842819092155161911
1693931353023812964,13306995374617508236
6932635952696987497,12364794484607936116
1693931353023812964,9142180020921021875
6932635952696987497,14043037290780710327
6932635952696987497,5198870389276724465
6932635952696987497,909076260856856260
6932635952696987497,3789205427876797121
6932635952696987497,15861886115874414594
6932635952696987497,11041775313827490592
6932635952696987497,7483057146937612302
6932635952696987497,3578165896762690395
6932635952696987497,2289391380169018591
6932635952696987497,7706049341951649720
6932635952696987497,6659452210273033885
6932635952696987497,14543079249758706740
6932635952696987497,2581310931295386775
6932635952696987497,14804238478487263833
1693931353023812964,16923318032565608526
6932635952696987497,9586867793870210377
6932635952696987497,2351065880660490504
1693931353023812964,7895127036995384553
6932635952696987497,4779799861544568423
6932635952696987497,4917748497720693715
1693931353023812964,13212073709277161261
6932635952696987497,16488325202901200511
6932635952696987497,8421275073494799408
1693931353023812964,4569329429853015194
6932635952696987497,5356802909667378316
6932635952696987497,12227301898853001143
6932635952696987497,748874694654639177
6932635952696987497,11043962435185878256
6932635952696987497,10265604028333392488
1693931353023812964,12052328713240310297
6932635952696987497,4514795677988089228
6932635952696987497,16461658738541158425
6932635952696987497,7033482597461951215
6932635952696987497,7509462234379594649
6932635952696987497,390763521115955290
1693931353023812964,17655842562723831667
6932635952696987497,17497583856579620124
6932635952696987497,2509442668157393527
6932635952696987497,1541578155603380656
6932635952696987497,13918231772860491577
6932635952696987497,9899687357591798381
6932635952696987497,5456473339636358518
6932635952696987497,11116315169847010420
6932635952696987497,4860517922154939486
6932635952696987497,8244277003523390935
1693931353023812964,15158981778242841897
6932635952696987497,18036591752521637018
6932635952696987497,5545440831007667521
6932635952696987497,2455825171416298369
6932635952696987497,9876781398277361369
6932635952696987497,13438166576272470423
6932635952696987497,12482079501134740019
6932635952696987497,7460155363757325294
6932635952696987497,6780931231693813011
6932635952696987497,6751147134686817557
6932635952696987497,2808243778037853878
1693931353023812964,11344299202516655557
6932635952696987497,17757999585628420047
6932635952696987497,13718371604225353743
1693931353023812964,8615268837502854309
6932635952696987497,7294020562637329693
6932635952696987497,118111444673838399
1693931353023812964,6562784182750189185
1693931353023812964,17536991220119357653
1693931353023812964,15173355333065318878
6932635952696987497,4766074932310167784
6932635952696987497,9484550443457792558
1693931353023812964,10882097525967988223
6932635952696987497,214975992532757346
6932635952696987497,3032614426404781103
6932635952696987497,13404954626649180289
6932635952696987497,6050364128621499702
6932635952696987497,18064975498435059569
6932635952696987497,10419278005893221061
6932635952696987497,3370008781821162044
6932635952696987497,16577773556149103402
6932635952696987497,15458877174889758107
6932635952696987497,3385741258145027301
6932635952696987497,4639751840241608252
6932635952696987497,1371664738138871875
6932635952696987497,16524174100216023601
6932635952696987497,13236840157994992400
1693931353023812964,16493987374913341753
6932635952696987497,14935090713369808123
6932635952696987497,18317994615974327965
6932635952696987497,7111803411303437735
6932635952696987497,10765490648612278382
6932635952696987497,3300750153924649673
6932635952696987497,17697261781172260013
1693931353023812964,8077016116543912228
6932635952696987497,9630539457541571444
6932635952696987497,14744781021109460562
6932635952696987497,10361317324883643705
6932635952696987497,16563505640689815752
6932635952696987497,8923454937326186032
6932635952696987497,15016939766646803441
1693931353023812964,179576844077604627
6932635952696987497,1892209049394273462
6932635952696987497,15013695419296442596
6932635952696987497,12184621919501653055
6932635952696987497,7071786633797636936
6932635952696987497,3795942111826015997
6932635952696987497,17608614134682421991
6932635952696987497,10181242336229085329
6932635952696987497,3623161543775137326
6932635952696987497,10236062452617300484
6932635952696987497,7825642280197736537
6932635952696987497,2375291034284586117
6932635952696987497,15370435555439179886
1693931353023812964,4361764316463187338
6932635952696987497,10963575512003792279
6932635952696987497,2341658231686153348
6932635952696987497,15976967326984733833
1693931353023812964,3969437614723328209
1693931353023812964,10771797636144665206
1693931353023812964,1178276687754010156
6932635952696987497,11368687009195147422
6932635952696987497,12280021525533261943
1693931353023812964,3003990648942021470
6932635952696987497,17946789203982177466
6932635952696987497,10024031513387835754
6932635952696987497,1814107024628584707
1693931353023812964,8999992842719287504
6932635952696987497,16003188022393730371
6932635952696987497,9361870036617130366
6932635952696987497,7987006457683764849
6932635952696987497,13140446679156753023
6932635952696987497,2386669594719020849
6932635952696987497,5832756765310145701
6932635952696987497,18240713001813872721
6932635952696987497,6996703143862564675
6932635952696987497,8109428830137498746
6932635952696987497,7095317934559911322
1693931353023812964,11196781976052173794
6932635952696987497,10575637239835804075
6932635952696987497,9573219495269033980
6932635952696987497,3932737189523858198
6932635952696987497,16801965080341046149
1693931353023812964,2511373734062686549
6932635952696987497,5463601652767910218
6932635952696987497,1938029483157783387
6932635952696987497,8170517263989339836
6932635952696987497,10488009668759501263
1693931353023812964,10816689878740591876
6932635952696987497,10603188853686052742
6932635952696987497,8659006847461226763
6932635952696987497,1614197828689944335
6932635952696987497,6278696399164644925
6932635952696987497,7941627933782498339
6932635952696987497,8318717804945367470
1693931353023812964,8597751154549724216
1693931353023812964,9932740999199103290
6932635952696987497,16273832541641375919
1693931353023812964,11240064916906438664
1693931353023812964,16278252237568052901
1693931353023812964,7378782167447694984
1693931353023812964,7096372231574482203
6932635952696987497,15599949621541543371
6932635952696987497,177645712273082589
6932635952696987497,11130688055081608828
6932635952696987497,10573720140259479551
6932635952696987497,17485864997508823579
1693931353023812964,15559527635172918847
1693931353023812964,11851213998076736266
6932635952696987497,8143523660190359931
1693931353023812964,391485865109874542
6932635952696987497,4104847979310851204
6932635952696987497,16361409682005980445
6932635952696987497,8711877610497184923
6932635952696987497,3467043652185801453
6932635952696987497,18214284233146436792
6932635952696987497,6361075733627795859
6932635952696987497,2260469459850884713
6932635952696987497,15233727273274383241
6932635952696987497,9356082467429044800
6932635952696987497,10472932115922195287
6932635952696987497,10938756942258123820
6932635952696987497,2304350592633221881
1693931353023812964,14518011532085812363
6932635952696987497,7329474473197508098
6932635952696987497,4622480086236652115
1693931353023812964,3186199426870840398
6932635952696987497,1986218009722936532
1693931353023812964,4285794764724947788
6932635952696987497,6232213387454743841
6932635952696987497,310491424694572271
6932635952696987497,10523738601416547575
6932635952696987497,2686632135704585274
6932635952696987497,2070379141365150137
6932635952696987497,13660270885783672101
6932635952696987497,10864215559489096889
6932635952696987497,3732765700083662619
6932635952696987497,1353443387384165896
6932635952696987497,16661499997688832750
6932635952696987497,8251591999158356349
6932635952696987497,1423413128223869849
1693931353023812964,4116717556035728275
6932635952696987497,4265696819397031638
6932635952696987497,1301423635586404533
6932635952696987497,14909639562617840778
6932635952696987497,12562051919331907501
6932635952696987497,16222786126861219618
6932635952696987497,12926003295726466935
6932635952696987497,16955794357593055860
6932635952696987497,8187148748000144942
6932635952696987497,7090063344913457364
6932635952696987497,898887741790791695
6932635952696987497,16274362183500115523
6932635952696987497,8679344122873509807
6932635952696987497,10096451532845789293
6932635952696987497,6631529791319475883
6932635952696987497,12780519327728013539
6932635952696987497,4796790710438296824
6932635952696987497,5192401935219595799
6932635952696987497,5569069070844630343
6932635952696987497,16967514986893506091
6932635952696987497,16102401555876251248
6932635952696987497,2747714307775410318
6932635952696987497,17109257605045215592
1693931353023812964,8666805424098213136
6932635952696987497,7562480396302616678
6932635952696987497,1253030361246633352
6932635952696987497,12708998498355390612
6932635952696987497,5808792922141818823
6932635952696987497,16973829460865110287
1693931353023812964,16497415092947706617
6932635952696987497,7203767966893341733
6932635952696987497,10117863041912485342
6932635952696987497,15577903688157511107
6932635952696987497,17273633930691537403
6932635952696987497,13621958606944962782
6932635952696987497,14347138505284863247
6932635952696987497,15701387109305527177
6932635952696987497,13302000638300103749
6932635952696987497,17438354924728115854
6932635952696987497,3916654006358902763
6932635952696987497,11552279231727284429
1693931353023812964,12879411332933746564
6932635952696987497,18303378442091625208
6932635952696987497,1921106060869827453
1693931353023812964,10069947972096438766
6932635952696987497,4747638219732313576
6932635952696987497,10850382274295764585
6932635952696987497,17384650829217507855
6932635952696987497,7900720178348774669
6932635952696987497,10302651226005166110
6932635952696987497,5023586589952612807
1693931353023812964,8967529918311454758
6932635952696987497,18192341156217480737
6932635952696987497,15423165543022304674
6932635952696987497,5872901335617224600
6932635952696987497,15063873586994026706
1693931353023812964,7795391429454632615
1693931353023812964,14141650556553640384
6932635952696987497,3529498242771061627
1693931353023812964,5451903710344055095
6932635952696987497,13786719134374758664
1693931353023812964,16390990920107726899
6932635952696987497,10837904494577097175
6932635952696987497,14939889997122187053
1693931353023812964,12383396386922743417
6932635952696987497,80275706434018068
6932635952696987497,17857118491661949429
6932635952696987497,13475826243656753084
6932635952696987497,13191520481804795905
1693931353023812964,8140067246352241164
6932635952696987497,17868113135491482889
6932635952696987497,10804321619291511650
6932635952696987497,12353802435030288053
6932635952696987497,5572897137282580638
6932635952696987497,15575827772297993180
1693931353023812964,15939893078760045911
6932635952696987497,10613368364172767699
1693931353023812964,7061929087526972961
6932635952696987497,11571986597512631332
6932635952696987497,7448138376198000948
1693931353023812964,5952542021891677108
1693931353023812964,17704690702372728960
6932635952696987497,11695289521823365019
6932635952696987497,9654881679731943701
6932635952696987497,17018062403030357578
6932635952696987497,13727227641409328844
1693931353023812964,10789059398263295828
6932635952696987497,9680493351337032241
6932635952696987497,5387763769159421373
6932635952696987497,4548537615871564485
6932635952696987497,16303813511840333345
6932635952696987497,4372568483102440897
6932635952696987497,5410712003075922392
6932635952696987497,2087273826350519354
6932635952696987497,8753098827255271363
6932635952696987497,6641804767114394898
6932635952696987497,11513177352585773552
6932635952696987497,1059111539134515423
6932635952696987497,16337883361164542994
6932635952696987497,12309767859918586575
6932635952696987497,12937124363729874293
6932635952696987497,14189991619967540416
6932635952696987497,15761887892622435701
6932635952696987497,11482158666191615483
6932635952696987497,534085988954625424
6932635952696987497,13297242836076356366
6932635952696987497,10313870982620084446
1693931353023812964,5202411599121249248
6932635952696987497,7544155150383970280
6932635952696987497,5645755291694837367
1693931353023812964,17971856883956721967
6932635952696987497,6766680853355357928
1693931353023812964,16821654308832749301
6932635952696987497,14291807893681828319
6932635952696987497,10775600119964557859
6932635952696987497,10294949320597034215
6932635952696987497,2440276823610679841
6932635952696987497,4891085881414321374
6932635952696987497,16105335881163513057
6932635952696987497,1112421969372562226
6932635952696987497,805162536544267716
6932635952696987497,2113177229565347324
6932635952696987497,3470344378501922466
6932635952696987497,785343870602056132
6932635952696987497,5287188447921171302
1693931353023812964,8261384850037924246
6932635952696987497,8894144386504001470
6932635952696987497,16952601835910413578
1693931353023812964,6164101828776063770
6932635952696987497,7987292152572432847
6932635952696987497,14939887593984757064
1693931353023812964,6132063137076839991
1693931353023812964,12245751284759763292
6932635952696987497,4799776506929937531
6932635952696987497,11681709162759815236
6932635952696987497,7054915063503519055
6932635952696987497,5504112624866516837
6932635952696987497,421591946838719772
6932635952696987497,3431212338991693732
6932635952696987497,9809838527148309123
6932635952696987497,2440487381879494137
1693931353023812964,15331293947458093291
6932635952696987497,9969849975646842780
6932635952696987497,8464341147315795960
6932635952696987497,1992609618961828381
6932635952696987497,7475025844637539587
6932635952696987497,1940226227382840545
1693931353023812964,1759545038811821616
6932635952696987497,4107940834858498250
6932635952696987497,8247826524542454762
6932635952696987497,665939226045850529
6932635952696987497,14260125744794359428
6932635952696987497,15570787663986796759
6932635952696987497,2129566937672883808
6932635952696987497,4652853485676417581
1693931353023812964,3317484525989980480
6932635952696987497,12430473052810079793
6932635952696987497,531436560030234271
6932635952696987497,13369671067302080584
6932635952696987497,12104373297011768504
6932635952696987497,327589505914705992
6932635952696987497,2122782825888758022
6932635952696987497,13512515294060772020
6932635952696987497,10081698143398188462
6932635952696987497,1441035978305161574
1693931353023812964,3937247646606247575
6932635952696987497,2306736688369007394
6932635952696987497,17189037360730327720
6932635952696987497,12726675738554772765
6932635952696987497,3877876180491699904
1693931353023812964,9332160629439953221
1693931353023812964,18408748366030380408
1693931353023812964,11434578152942578969
6932635952696987497,813108642156060100
6932635952696987497,9288723617320591328
6932635952696987497,15989721529431486170
6932635952696987497,2768121429637593787
1693931353023812964,18219290357029059536
6932635952696987497,4720931544903769977
6932635952696987497,15489951909955760845
6932635952696987497,16917624919896222072
6932635952696987497,4562866090007246393
1693931353023812964,13074348099749565261
6932635952696987497,9115682675148756066
6932635952696987497,12838849106772425870
6932635952696987497,863596946192906863
6932635952696987497,11674014920818931053
1693931353023812964,14010992055123401052
6932635952696987497,1051621256060088809
6932635952696987497,6105065990182865365
