1557168843349281662,10213929202874029201
1557168843349281662,8483141202256005722
1557168843349281662,12532758235528893322
6932635952696987497,17590112695052861506
6932635952696987497,6023762839075513570
1557168843349281662,14508961477707718807
6932635952696987497,8736769384677098171
1557168843349281662,5808455748990963919
6932635952696987497,16751514514809736591
6932635952696987497,11682114175881190287
8687394153422799725,7714327961356654487
1557168843349281662,12454194579008291123
6597383085513893627,13572595365285396291
5867082813472900048,16888037332772551793
6932635952696987497,16847781833629748612
6932635952696987497,1585335957724378897
1557168843349281662,12364912265135860701
6932635952696987497,12106823491723779417
6932635952696987497,12533336188227020069
1557168843349281662,7238960936514357799
1557168843349281662,11440072925926737570
6932635952696987497,15514819990899716935
1557168843349281662,14789658273024119773
1557168843349281662,3379585061480722079
17523152285360913036,852462792021200923
6932635952696987497,12622793764508177294
1557168843349281662,2876179050443206187
8208716851594882140,12011198676840598571
6932635952696987497,7089690085347172470
1557168843349281662,13730428053691803916
1557168843349281662,10021086714865775249
6932635952696987497,18303892426652948793
1557168843349281662,13155562306962710348
6932635952696987497,10617828655666448909
1557168843349281662,4785641852229507111
11462984900575675082,9209097120273956952
10426158615329517647,18054812853167204256
1557168843349281662,16604746639823187379
11813588692066685803,2520012839025778539
1557168843349281662,13971756680463009480
3384609651250408876,6551513206700114369
1557168843349281662,6657931475869247105
1557168843349281662,8662397288785271378
6932635952696987497,16095364739327612294
6932635952696987497,13631671045273439465
14728412389575321392,2836181120849610079
1557168843349281662,1313856795576532787
1557168843349281662,3424151958463368109
1557168843349281662,16188652783658317416
1557168843349281662,14552315750653903446
6932635952696987497,14658884048347541122
1557168843349281662,6202549754847410281
1557168843349281662,15924095512154084537
1557168843349281662,13829337644588536703
6932635952696987497,8859526566412552986
1557168843349281662,10389141312354005755
6932635952696987497,5079177442905800519
1557168843349281662,1496479903669887821
1506775350351958131,15249677328249492796
6932635952696987497,5388024965631600786
6932635952696987497,4964939054694103350
6932635952696987497,10075304904712738610
13137271672479524110,9716156889161793642
6932635952696987497,14945776740109762026
6932635952696987497,909891090378814623
1557168843349281662,254016973356662340
6932635952696987497,18408040049834693034
6932635952696987497,16518836299131425336
1557168843349281662,5394180845142198503
6932635952696987497,9829450150463233498
6932635952696987497,3297567416230929540
1557168843349281662,13518723500817657721
1557168843349281662,8592930426216314043
6932635952696987497,162046072384167514
1557168843349281662,12498355135422617072
6932635952696987497,159402558303379266
6932635952696987497,8831371035777590066
770945985136310006,7020080443760892724
1557168843349281662,12183866260601362908
1557168843349281662,825226309202792945
1557168843349281662,1393288795679510589
1557168843349281662,14276120531420614255
16011259793908762422,10546817205996677067
6932635952696987497,14203406911187938009
1557168843349281662,15080170223829172691
1557168843349281662,692134846972052631
6932635952696987497,14697091879906884154
1557168843349281662,2113726099665962631
1557168843349281662,14752633912021724205
6932635952696987497,16961684954090506349
6932635952696987497,2110569705574623500
1557168843349281662,17103116260372378642
6932635952696987497,13055279267439195257
1557168843349281662,245708839674822946
1557168843349281662,13328338095122440119
11840709816411996381,9190347815123539924
14544911765522338893,3668485646888531128
6932635952696987497,5560339470534019072
6932635952696987497,5078998599144920127
10501148945810298264,13542004169533899840
1557168843349281662,10108932550318713219
1557168843349281662,8791521906344022991
15482079010788705222,5438793364657461068
6932635952696987497,17924700773162583861
1557168843349281662,17528743326475733476
5042313040146021478,15207318075227376854
6932635952696987497,8053860353582396413
6932635952696987497,8976675465897391381
6932635952696987497,1778857468009339280
6932635952696987497,17954693875571106315
1557168843349281662,16817846111846306831
1557168843349281662,12955831214148825843
1557168843349281662,6638525374114007897
1557168843349281662,1137957095010091426
1557168843349281662,2536941232751474101
4801566688855353186,14632289811443515411
1557168843349281662,13081706230213529667
6280547710838313447,11336333450920061376
6932635952696987497,14024779570992493741
1557168843349281662,14831865273159122634
6932635952696987497,5855831723928140726
6932635952696987497,9962563772693290678
6932635952696987497,18088007604353187043
6932635952696987497,14022219902573413992
1557168843349281662,8554083246037953348
4114009812670037297,5481997640316096265
1557168843349281662,4244748373627522366
1557168843349281662,17814789891678229040
9174476372623756796,15216777353448787395
1557168843349281662,568656471195287698
6932635952696987497,2812782353606947446
6932635952696987497,9366511335829144477
6932635952696987497,9358078756399143546
6932635952696987497,15112442271760048768
1557168843349281662,14537718429402177968
1557168843349281662,11607890097763509293
383162459309234677,530673626935242606
1557168843349281662,7662522070994383109
1557168843349281662,1614548939038084300
1557168843349281662,1701974727403949560
1557168843349281662,8669582353313090425
3447169171874288487,15619794120951690490
6932635952696987497,12429115230868183537
1557168843349281662,13476070637706137031
1557168843349281662,15643833026411622148
6907846489032328602,4866431876886265520
6932635952696987497,10543394951809797094
1557168843349281662,4147178829039002089
1557168843349281662,17747887512875636841
1557168843349281662,2510563889579665581
1557168843349281662,3827894294820989644
6932635952696987497,854962325243865501
1557168843349281662,8918597666072682518
6932635952696987497,2856444055678284077
6932635952696987497,2211041233287818906
1557168843349281662,4836792011735864869
1004553810799725940,7492829590412076219
6932635952696987497,1115372280368963096
1557168843349281662,60624872498125521
6932635952696987497,4439345596863573528
841206863663506937,12302809071312833076
6932635952696987497,14747280950311152211
1557168843349281662,8066795940300803131
6932635952696987497,9009708660830551963
12182193650924911082,16075286877479416388
1557168843349281662,14892862352615358430
6932635952696987497,3852946338496079039
6932635952696987497,5997908844659485675
6932635952696987497,15887928852741677448
6932635952696987497,16922784577341235897
1557168843349281662,17749817238044609555
6932635952696987497,1150919386415810057
1557168843349281662,6114041898352698056
1557168843349281662,12368764397088917580
1557168843349281662,14809862582627463607
1557168843349281662,12444643680320063182
6932635952696987497,12082121183005920884
1557168843349281662,8930583935708905812
1557168843349281662,15944600722378415431
2158760632942993748,18415333717181138325
1058335588969003716,10561035229219286153
17852059862197516502,1930656095507751267
6932635952696987497,7986749483712758559
1557168843349281662,5257968494023440599
1557168843349281662,14531561093659203310
6932635952696987497,13262500249189189594
6932635952696987497,8893955930592510514
1557168843349281662,15296919081518065441
1557168843349281662,9032065121844670639
6932635952696987497,2555791983249273426
13128872580137055582,14215576348042442543
4993310866287074253,10422486284346401231
1557168843349281662,17148374400570375470
6932635952696987497,12046645576300090745
1557168843349281662,1726375383158927359
1557168843349281662,18279553086027695809
6932635952696987497,4511762017522756151
6932635952696987497,10874564847977719606
6932635952696987497,11755539188858640255
1557168843349281662,7674686448589528471
11764762039853060886,12354291700653622445
1557168843349281662,99771122864508340
6932635952696987497,3639943391899199278
1404358776810822262,17500792870264980666
1557168843349281662,8283970628188318763
6932635952696987497,10590135380054701943
6932635952696987497,15670921183013317173
5770397442477317945,10677535488259486664
10198220494844814615,16987244530397898384
1557168843349281662,2463785844349116051
1107994143493521,9297575504911398683
6932635952696987497,15232604559668344809
17683176504660821753,14332473200667191246
6932635952696987497,15137508844334018477
6932635952696987497,350381437501440676
2003421282791721477,3851839754898549922
6932635952696987497,7502313574483885062
1557168843349281662,14687207581429413008
6932635952696987497,10009681140223929448
1557168843349281662,10636952844523980919
6932635952696987497,2473416122017459828
6932635952696987497,15113465394201874947
6932635952696987497,16330291083549969558
6932635952696987497,3702014550144065891
6932635952696987497,1884332296318703403
1557168843349281662,12362304667846772946
5073363342194267598,9952006446937482407
6932635952696987497,14940012909559129028
6932635952696987497,2016231136818582543
6932635952696987497,8585545254525715391
12419885192470096899,13701319555208770485
1557168843349281662,13076988764686352875
1557168843349281662,4529139957297085375
1557168843349281662,1644205135270116887
6932635952696987497,14854130556042982108
6932635952696987497,1382188978121561645
6932635952696987497,6222678081625343255
6932635952696987497,6611772837713423639
6932635952696987497,17117008707266413699
6932635952696987497,15708407148992530733
6932635952696987497,14416666074808544583
13316399439567782832,9324880890812971100
3258192702184430714,916589974287712074
8205353345216704635,8465061199348459971
15303216402697382460,11074120585679343327
6932635952696987497,9528481909515217231
1557168843349281662,4728546837989146388
6932635952696987497,7661045459998580325
1557168843349281662,4488118159466610554
1557168843349281662,226077961827187024
1557168843349281662,8853455422592366269
6932635952696987497,15739906804098573017
1557168843349281662,16436001625321554782
1557168843349281662,2241520366385901563
1557168843349281662,15615422868145642761
1557168843349281662,10661394559444840415
1557168843349281662,15160307760156766130
17881726004483106770,3185549334488596239
1557168843349281662,8083767356627841806
6932635952696987497,3092492137782417969
6932635952696987497,12313794701236393145
6932635952696987497,10446149194648399293
1031196791839064356,13336970311635395194
6932635952696987497,7172890164961177950
6932635952696987497,3889640517321414046
6932635952696987497,511550642833545358
2093860685680383685,7486973246329982227
6932635952696987497,3321454164046501606
6932635952696987497,16498421546425163157
6932635952696987497,12181981503265270919
1557168843349281662,14311715355557047738
3107280718063536031,12293233263039185511
6932635952696987497,8511532367731451018
6932635952696987497,3277556686959768733
1557168843349281662,1877542941330818498
6932635952696987497,17050067339825883902
1557168843349281662,12012936814048068814
6932635952696987497,15313355988243803774
8808244476173972337,4026777743153453906
6932635952696987497,18418816520437611722
1557168843349281662,8299473280319828254
1557168843349281662,10425321072731032502
6932635952696987497,9687621193155488456
1557168843349281662,18362891450485880374
2424742263524561604,15174100059855270740
1557168843349281662,8126580014565471006
1557168843349281662,6150167248766838161
6932635952696987497,10798057600721405562
1557168843349281662,1625622986883846513
18435026597411030708,16925871077111496948
12973665740731022099,5993812133645136196
1557168843349281662,6573796682825901869
1557168843349281662,4840178225356940202
6932635952696987497,12085104108857640406
5488694349212413307,12315954383836104567
1557168843349281662,4969923181263911767
6932635952696987497,5374462184474402526
6932635952696987497,9948029350202258818
1557168843349281662,16920864811763916701
6932635952696987497,13058334809045994303
5460934550586142515,5072629097096579607
1557168843349281662,12373434188991732717
6932635952696987497,16091803504601950229
1557168843349281662,15795855843616238435
1557168843349281662,3807300440326102493
7670483415207035558,615185780865363258
504383506416633907,8851135609682795493
6932635952696987497,11970671249995721341
1557168843349281662,5943661366099646178
1557168843349281662,13044623629128182617
6932635952696987497,7434777061326946593
6932635952696987497,17296445790985816178
6932635952696987497,781805719887329669
14243537022423717334,11338834145811759217
6932635952696987497,13408850370971126934
1557168843349281662,14273004590488437501
1557168843349281662,8435195510636146636
6932635952696987497,3396808152807099519
6932635952696987497,5420694249282777624
6932635952696987497,3337627408394257407
1557168843349281662,8836923773667972999
6932635952696987497,10806063168754030198
6932635952696987497,960307874503563810
4475624364190090423,528616646707072857
6932635952696987497,8927242175210365545
6613099846611289866,13311834686903818340
1557168843349281662,5519306413058655914
1557168843349281662,10070468094991542510
6932635952696987497,11961945820904313650
6932635952696987497,11856008499299632409
12527810220801811152,17971327183740759947
1557168843349281662,8902117965923756909
1557168843349281662,11528383352809351708
1557168843349281662,5160009921105400907
1557168843349281662,10739815510111135661
6932635952696987497,2310050945699883548
5996406944217567745,11925271238245200483
6932635952696987497,10521497307370685526
17144800042325051361,13350254498836503796
1557168843349281662,12107594747394241647
6932635952696987497,6692937461255229346
1557168843349281662,3927471291419632807
1557168843349281662,7778879249834959614
6932635952696987497,12143670742023363848
1557168843349281662,7481383423044540853
1557168843349281662,7561354365804247033
1557168843349281662,8331236306039581291
1557168843349281662,2470142802939967387
6932635952696987497,6788362590855093365
6932635952696987497,4052849225139363073
6932635952696987497,12701579171176440102
6932635952696987497,13396846106058847733
6932635952696987497,5071499976754625910
6932635952696987497,8639575108019226486
13429969692686892123,16456101237335852791
1557168843349281662,679856218745240230
6932635952696987497,12973365172507692635
6932635952696987497,12896316536031980374
6932635952696987497,7389088653667640788
6932635952696987497,4005148336806685665
6932635952696987497,8842128338557051456
6932635952696987497,15340504645426178109
6932635952696987497,140608481016665098
1557168843349281662,4250109917843807109
1557168843349281662,9000678171879075787
1557168843349281662,15494535777819380997
6932635952696987497,4919990886361501445
18181349462467624447,2893674235455586915
12513668563482733378,11269493998804916527
6932635952696987497,9786630359813261250
3517019154922655881,7799915372918182448
5959980883353067175,14641449495376641412
1557168843349281662,10426552469604123995
6932635952696987497,14274537042647821220
6932635952696987497,16307614776490488350
6932635952696987497,5852525153892439447
15065771754531085967,2491757049785550045
6932635952696987497,9725104934972559843
1557168843349281662,6645854092668330754
6932635952696987497,17105643931891505893
6932635952696987497,1579712425170313957
1557168843349281662,5301528746417868383
1557168843349281662,3884265493958464803
1557168843349281662,15171943517368225658
9043764915237494076,2020373745558470904
1557168843349281662,14471398073298488373
6932635952696987497,10541094221546186905
6932635952696987497,9527961809804410304
1557168843349281662,17656874280280621915
6932635952696987497,5192562358002857482
6932635952696987497,6258022675647630828
1557168843349281662,7667218225442986338
1557168843349281662,10002746964993166070
1557168843349281662,6351409349756700809
6932635952696987497,15422263933317250162
1557168843349281662,12290355235421594736
6932635952696987497,15539136131731074471
6932635952696987497,3717688548980512259
6932635952696987497,5222155806138810810
6932635952696987497,3570382289109030103
13630587483296944553,12694996265631723000
7448063976666834158,14203071491704072047
1557168843349281662,13193659030953836046
1557168843349281662,12247751337877179262
1557168843349281662,15349731695370594959
6932635952696987497,14067167120629510383
12988249610373671185,6622627389250992492
3830995369126057299,42953662028460131
6932635952696987497,12945980179704803413
6932635952696987497,8514678373529016603
6932635952696987497,13591658997711270904
6932635952696987497,14146992845983273059
1083367998308749,10079281730786754067
6932635952696987497,3247732635467806224
5349472861571532942,991368028176548051
6932635952696987497,17125061326400825622
1557168843349281662,10457351792461363941
1557168843349281662,8273087086788163391
6932635952696987497,5067469004984942848
7451708352137212196,15169179362888806842
1557168843349281662,8896400858008161329
6932635952696987497,3119096349681736880
6932635952696987497,7988649432479320916
6932635952696987497,11545270461532458547
6932635952696987497,1261437075435732080
1557168843349281662,2550192773826772145
6932635952696987497,12706539360678121759
15147024935787537450,9549801563283771334
6932635952696987497,7454391826079298756
6932635952696987497,2947497779351045585
1557168843349281662,9690448713117820019
6932635952696987497,17642061721652307631
6932635952696987497,9322055569901695267
6932635952696987497,17614706018251189100
10788679083875746841,15858366082799797330
6932635952696987497,15770416873169341684
1867162833889504056,8559254611141963971
6932635952696987497,17300708209909701786
6932635952696987497,16067994698192891975
1689077641278194293,10352421107328466103
1557168843349281662,12089704227937438392
6932635952696987497,7175732404741776940
1557168843349281662,6603222789799192956
6932635952696987497,5053485686591931881
1557168843349281662,4169992339957436830
6932635952696987497,635532636430479970
5493532917183146066,18346113775769729938
1557168843349281662,5895833764803112433
1557168843349281662,16606444451423679059
1557168843349281662,13814291646074581859
6932635952696987497,11130143512896460407
1557168843349281662,9628071564194745505
6932635952696987497,14694150979701820672
6932635952696987497,6923866821538411572
1557168843349281662,6029213105879268354
6932635952696987497,11571718471123313903
6932635952696987497,10041321978030096842
1557168843349281662,8368188790164283325
1557168843349281662,8560844773126150545
12258779547350891478,6714746430936793327
6932635952696987497,1311186675675570282
1557168843349281662,11248193914776818273
6932635952696987497,17059728702835187304
1557168843349281662,9524954536386919237
6932635952696987497,17139611028916952151
6932635952696987497,11316709211025108323
15111660907403898812,12688281957045963137
1557168843349281662,8984136886053985152
1557168843349281662,7312536931585131165
1557168843349281662,5452648048000989874
1557168843349281662,7480938819070647423
15618959162717332893,157074348155843609
1557168843349281662,17073254708474063142
1557168843349281662,14184203690495834368
1557168843349281662,12498608991071921157
4046146713505168573,18199299373195464020
16085026004394414300,11311726872843698693
13543080967568933530,15608246391303808385
1557168843349281662,1011845481577506971
1557168843349281662,6950170794032147827
1557168843349281662,8946657458925373130
1557168843349281662,4563672523452301495
6932635952696987497,6024719845679668177
4433431474236086829,10880045840732041660
1557168843349281662,13870711915080357782
1557168843349281662,18140851398500690380
1557168843349281662,13976181677187188619
6932635952696987497,10188945199737193142
1557168843349281662,11046603358922320829
1557168843349281662,14995664977799572595
3530424476641972540,8584572148278531428
17382624466358760048,2581609020055784719
6932635952696987497,17522052991578520686
6932635952696987497,10869513864907139370
16187454359878002677,11121351818369925819
1557168843349281662,8547761856262623376
6932635952696987497,17157817867153153300
6932635952696987497,12990197591866660430
6932635952696987497,5421114181690011455
1537019146804177499,11284601509449566917
1557168843349281662,5196726871277345779
1557168843349281662,13491122817664676070
1557168843349281662,6718866828153175213
6932635952696987497,11223857422862408516
10610534762425279501,133845322435773595
10002533731265843710,10257507780622044822
1557168843349281662,18217349027312563049
10098429197804836378,13821230769799678318
1557168843349281662,16772442757086399406
1557168843349281662,8729916806552863680
6932635952696987497,4120093264613266742
6932635952696987497,7063992147461586868
6932635952696987497,6584140239679978379
1557168843349281662,4498970050431826100
1557168843349281662,6296642707405667637
6932635952696987497,11970911608538922304
1557168843349281662,18201269702525748369
6932635952696987497,7668177452123120082
6932635952696987497,3618338746991723416
1557168843349281662,13777042530276221857
1557168843349281662,16880824291158151195
1557168843349281662,15847529347680874913
5458434758141214675,15831276041529304454
1557168843349281662,6082305301195342403
1557168843349281662,12092149370709092652
6932635952696987497,10883455572412235922
1557168843349281662,7083727159401279554
6932635952696987497,577340603991052996
1557168843349281662,6380510534397536455
6932635952696987497,11103962800141202384
1557168843349281662,11870265144764922534
6932635952696987497,16281935143166466330
6932635952696987497,17787429327389219179
6932635952696987497,2242812648883950143
15230210726762636314,1439171591608046888
6932635952696987497,5757502180388538198
890296866065105000,16220539919794194368
1065299720024333741,11497143723650469129
14862174688714776428,13937473855373764291
1557168843349281662,14517237085740429706
1557168843349281662,9976996908368679878
6932635952696987497,8650002680943350757
6932635952696987497,14375282971884989645
6932635952696987497,3660272859157662736
1557168843349281662,12167962757439303063
6932635952696987497,10240121868733929814
1557168843349281662,8811082383170998152
6932635952696987497,5826128173799550572
6932635952696987497,3818578534610998581
6932635952696987497,8336019500987487921
6932635952696987497,18274875547142592753
1557168843349281662,6284961109626918663
6932635952696987497,12768787603104053898
228682049737344965,1037173822645527299
6932635952696987497,13732311590462315533
6932635952696987497,6573658489344167832
1557168843349281662,435555775063051235
6932635952696987497,13384793355159189095
1557168843349281662,16829570058310776957
6932635952696987497,4881640535842439471
5850346847884504523,17218116735618091819
1557168843349281662,6183630086764517478
11968847264939861468,9794505180147467581
1557168843349281662,16026040172232597418
1557168843349281662,17386863983335054800
1557168843349281662,1898861674967776231
1557168843349281662,8827487558545337565
6932635952696987497,11140572708403708233
1557168843349281662,15342766672368457600
6932635952696987497,4633361229238175015
1557168843349281662,5178414164258327846
10917756289158980696,17110924491719624401
6932635952696987497,743017833901534087
4768736061321745931,16120723951626108041
7804350820430928008,2201065570981775643
1557168843349281662,10130013645689308283
1557168843349281662,2233458431493816189
6932635952696987497,2255927429265711697
8536544925835087170,189265300930187753
1557168843349281662,8453084457954949519
6932635952696987497,515464965260055640
13255373488690666656,14496353699501723926
3115091963960447440,8068373742004247170
13039144337028909944,2778104411132775763
1557168843349281662,14490045754568635961
6932635952696987497,5441168352526014590
6932635952696987497,1777996770948349207
6932635952696987497,17801240875178637574
1557168843349281662,6286603768419182965
6932635952696987497,16646494278482671783
6932635952696987497,8102968920164855669
1557168843349281662,9715646889254107185
6932635952696987497,11520921706864885081
1557168843349281662,1082007378131670554
1557168843349281662,6416679031026179169
6932635952696987497,18429909011035156677
1557168843349281662,11407661880958085276
1557168843349281662,156114054478225302
1557168843349281662,11399970696660190565
1557168843349281662,8313419333671175989
6932635952696987497,4037447357427942429
7305349879353040707,9099389476257428128
11448598568137865176,12998324081478704253
6932635952696987497,932199968943391138
1557168843349281662,1416897802703594278
1557168843349281662,3215963968898418142
1557168843349281662,6063810657887423533
1557168843349281662,2923805822894854801
14935550912581380767,1255242299100160492
6932635952696987497,6277912804111180685
6932635952696987497,2439528061766027302
1557168843349281662,14160581215149943589
6932635952696987497,9534327141031423775
6932635952696987497,208628544362605648
1557168843349281662,17797425178081209956
1557168843349281662,7503120649301391028
6932635952696987497,5343458999893520429
6940267863894230284,15160448957398659389
6932635952696987497,7761392623844842362
1557168843349281662,5024615429863491836
6932635952696987497,7667289408979497461
1557168843349281662,11900990533024580879
3271242592935160582,5623182060756233677
1557168843349281662,14894524181334069339
1557168843349281662,15441630469189163312
6932635952696987497,14460250478480833631
6932635952696987497,7158271439651775830
1557168843349281662,14529865025378346565
1557168843349281662,12586725649236065869
1557168843349281662,5594576494456703372
6932635952696987497,6852419312744006578
12266708565314869989,11223098691872287653
10133366958904465324,7490506308779454264
17386132226983602290,3860694693654595909
6932635952696987497,13485943378328017035
6932635952696987497,4602048371198177298
6932635952696987497,7426728876054568969
6932635952696987497,602047005889169532
1557168843349281662,3494572060446407430
6932635952696987497,1396773510504516387
1557168843349281662,8322766313496215389
6932635952696987497,3569279207457436101
1557168843349281662,9867181826932071891
1557168843349281662,17884483556697409269
7345615868997622443,12756323678300274385
1557168843349281662,9167659206825467479
6932635952696987497,469306054709334698
1557168843349281662,12858523745652793309
6932635952696987497,16457136082283288503
1557168843349281662,5094079202683033519
252451921813496887,13861635377391701924
358165357021604709,2651386549660149312
1557168843349281662,16262470481438051285
2465968430713347627,12996871820331052416
1557168843349281662,5032936868269741785
6932635952696987497,1346058695540419931
622857199092464619,1796841740378549045
1557168843349281662,262271731804567588
1557168843349281662,103267758629872900
1557168843349281662,5503048524573633479
6932635952696987497,13400146003531172051
11348947960191513152,12586583542672789062
10431701771802882943,15379532723402185322
6932635952696987497,11768587380889227558
1557168843349281662,16437015462704460356
14542651783202227511,4611560489061222642
1557168843349281662,9951947405504030918
1557168843349281662,12856110516216957227
6932635952696987497,2084016915043708698
6932635952696987497,6830610465528099248
6932635952696987497,15838489196683049551
6932635952696987497,18387046134706976200
6932635952696987497,12517103850445869808
1557168843349281662,883952302127818758
6932635952696987497,2403099631741340409
6932635952696987497,12336592338330643620
6932635952696987497,11349850642689102939
6932635952696987497,15769025632340855090
1557168843349281662,864414170132759445
1557168843349281662,1502931386460509362
6932635952696987497,13704131513745478219
6932635952696987497,12171342803861310635
1557168843349281662,14620059035137226826
1557168843349281662,9843116670084550670
1557168843349281662,8710849787201241734
6932635952696987497,6082133396813654745
6932635952696987497,225277881431239500
5145938009221944332,3580929079015584797
1557168843349281662,4754169748381645837
1557168843349281662,16128358758334373645
1557168843349281662,16491837900279360594
6932635952696987497,10746400934890410928
309470314595543240,10842184389151413102
6932635952696987497,12541949017764151649
1557168843349281662,16087214443321298399
6932635952696987497,5783191827380703457
6932635952696987497,14681500067982442802
1557168843349281662,11725933703961934393
6932635952696987497,14955400169207847716
1557168843349281662,14468425545625232267
1557168843349281662,796348069844388348
1557168843349281662,15093243124399377148
6932635952696987497,6983089780199222074
1557168843349281662,598405190055171209
9997255764440970746,12671696437054720350
6932635952696987497,13862129429256228579
6932635952696987497,4208862605867660881
1557168843349281662,2913595318664423484
6932635952696987497,4233796249753509738
6932635952696987497,10963083545463273745
1557168843349281662,10324745878358428297
11857501665425618930,17447559982692095315
6932635952696987497,5574278664785690056
1557168843349281662,13865855676495918242
16662342758342154497,4958366796589269105
6932635952696987497,11816368185623024072
1557168843349281662,1936964491342908058
2614777023507199205,9777106250674229910
1557168843349281662,7349267904829750632
13605667874875305915,11406319804062802542
6932635952696987497,13725157770777973401
15243517869723620117,8727444882112445377
1557168843349281662,8159767820305223556
1557168843349281662,5963353141756419985
14569714117297765048,10883931832725993840
6932635952696987497,8482951015270768115
6932635952696987497,9860406534687712218
1557168843349281662,1211458261296892157
16881870440072845504,9301644136045378872
2065275911128760433,4877371335706137871
6932635952696987497,3819510542743937011
1557168843349281662,5712988133828452479
6932635952696987497,14710919711239418776
6932635952696987497,5799020783206495906
1557168843349281662,5875920449734972421
8885830350011256273,8292676065349093212
10307726775642310833,15386468034927833838
1557168843349281662,14849695808744469720
8688240184552207182,398682516706333230
1557168843349281662,13997862158749443584
6932635952696987497,12026104266035797417
1557168843349281662,97940371970487253
6932635952696987497,6380720192070812365
1557168843349281662,1819952663626699043
5385037147617930283,5814942947721435792
1557168843349281662,5420671330240534701
6932635952696987497,9904115464086005559
8775449904922243056,17675970126874199228
1557168843349281662,17520837591151821366
1557168843349281662,4057848130766538090
1557168843349281662,4224464902904082810
6932635952696987497,7540235336922401067
1557168843349281662,4415251230296306454
1557168843349281662,8703498500282195675
6932635952696987497,6900347287613916906
9977317421103412077,7266480860963632542
6932635952696987497,17141729755746291491
1557168843349281662,18366870600400240228
1557168843349281662,2338467748756413909
1557168843349281662,9219514569678120539
6932635952696987497,10316890241138018065
1557168843349281662,7269986931239553572
1557168843349281662,10995326932042068071
1557168843349281662,17868222026009840863
14948127236726388008,10796498860410769932
1557168843349281662,7800206411450663728
1557168843349281662,10649533972764935204
6932635952696987497,8855165466635101647
6932635952696987497,5847254656264488524
1557168843349281662,7539413387224719952
6932635952696987497,34304946414084268
1557168843349281662,8939240464275512652
6932635952696987497,14769384342448361395
6932635952696987497,8160691293282086352
1557168843349281662,8224101329421855938
17516670750357356422,10198551749303845090
1557168843349281662,15811839072904021225
1557168843349281662,11101842358852790645
6932635952696987497,14113046342819671588
6932635952696987497,745878376698400787
1557168843349281662,12408079669643233020
1557168843349281662,10432449593416161644
1557168843349281662,16670405664107760561
1557168843349281662,15842164875359523829
1557168843349281662,13518051559248997258
6932635952696987497,2479050147651076124
16273238802290840123,13408348606274615988
1557168843349281662,13786398806901088189
18016322364795830450,9730716379773494959
446984977797647595,13478540513685982098
13142121940608258125,14333523153541175275
1557168843349281662,15714433746879800918
1557168843349281662,11076406133121531611
1557168843349281662,16198338282626344109
6932635952696987497,4100262557103089118
6932635952696987497,10143879569482190046
6932635952696987497,2281083246414502398
1557168843349281662,637614940483534566
1557168843349281662,14029302094045191417
1557168843349281662,7859682795787169896
1557168843349281662,16087372208098266632
1557168843349281662,3402740251034574378
16326995033998237847,10072812102135543587
1557168843349281662,17323497231705981084
1557168843349281662,1613000469300245685
6932635952696987497,9519401869901366836
11071520450061438512,12928136766598484542
1557168843349281662,15707312582789627158
1557168843349281662,6987194773636996488
6932635952696987497,8140115251427030548
6932635952696987497,8793164111309225398
6228254152764699751,1704153571076315286
1557168843349281662,2678136949129941354
1557168843349281662,3539308614393339984
1557168843349281662,17808509532815942201
1557168843349281662,9892447086741100150
10868874464625141679,2446407973616058769
6932635952696987497,16046826274116221273
14834564835858657945,7571566559986572348
6932635952696987497,10295892971580135487
6932635952696987497,10574709093933219669
6932635952696987497,580705291106122992
6932635952696987497,2486202702287436225
1557168843349281662,16453926057488994712
4108195246178232592,10879990746709182937
6932635952696987497,5042028680540579310
1557168843349281662,18092064775056007577
16021152960317636376,13784347004435369070
1557168843349281662,9297037551759570599
6932635952696987497,6006366654655911950
6932635952696987497,1208128496869577638
6932635952696987497,15252809488951158510
1557168843349281662,11201631290565720549
6932635952696987497,8235179087400286418
6932635952696987497,17030050799001852748
1557168843349281662,16611555134274484601
6932635952696987497,8648604418805696026
6932635952696987497,15938522450076958018
6932635952696987497,11535101524805007944
1557168843349281662,5427341877873322438
6932635952696987497,15467104344207490809
1557168843349281662,17258419290204081938
12281979349753980602,2890327960456770841
6932635952696987497,6133140246086641429
1557168843349281662,9234307305731001866
1557168843349281662,4135483268174588454
6932635952696987497,6651646755374029885
6932635952696987497,4252675848181225924
6932635952696987497,17098761711962971347
1557168843349281662,5868047730228809917
6932635952696987497,8825163263899622693
6932635952696987497,3673160406177260316
6932635952696987497,15572791999518920443
15908028593130416786,11929220463122079598
1557168843349281662,3157336129476140645
1557168843349281662,14651080943641123411
1557168843349281662,15483152106061412606
6932635952696987497,12316535151587583560
1557168843349281662,10064348873788796850
14889533674554321035,7469934122412045073
6932635952696987497,16080159904609254329
1557168843349281662,5172955640432966579
1557168843349281662,15263549517075264723
6932635952696987497,7327698723180985845
1557168843349281662,70037620456932637
1557168843349281662,12142618793947491004
6932635952696987497,9158423491162012398
15821259913786423825,17547830589684513876
6932635952696987497,5576484832749960697
1557168843349281662,11266315309033193197
8183226516443634897,3520427198545687961
6932635952696987497,5053040475116220989
15171968118745138272,5045601634698148623
1557168843349281662,1084162014917770595
6932635952696987497,18166807324220358823
17139446815376070688,9522265538677906261
18234477255048564650,15609671049166418161
9581578593083038490,14413328234610878162
6932635952696987497,14517602845334938514
6932635952696987497,5552496951598972385
1557168843349281662,11486767117012323553
6932635952696987497,1036784235234699029
1557168843349281662,12117277706277822773
6932635952696987497,3863451065536273858
6932635952696987497,15392654058133379849
1557168843349281662,16952092307825946783
1557168843349281662,8619565186855398712
1557168843349281662,12422872582520212418
15330082030905699803,1569293402649995858
6932635952696987497,6992376474719157987
1557168843349281662,1093774754067144144
6932635952696987497,8675366891864780966
6932635952696987497,6763225527243187819
6932635952696987497,17639353087484426782
10182540526629004261,12483933832670911378
6932635952696987497,7828706164316623027
6932635952696987497,16638096306299982651
6932635952696987497,5586729723673191584
6932635952696987497,6826957245710301136
1557168843349281662,981001183859329087
6932635952696987497,4130004851880055240
1557168843349281662,5217691455348324922
6932635952696987497,15007564402047252197
1557168843349281662,17187724392709156021
1557168843349281662,17853182492311705616
1557168843349281662,16402562037029629419
6932635952696987497,11709494966199487350
1557168843349281662,12344710088852049010
6932635952696987497,15306107756189236158
7359006809146173494,15797558781800584772
6932635952696987497,15249493532341731928
1557168843349281662,4281476736942001907
6932635952696987497,18212054290959419833
10029353400318309193,5804297883472262812
1557168843349281662,10939291422314464213
6932635952696987497,6035352946562907582
1557168843349281662,3420344656116825840
1557168843349281662,6366166013634185844
6932635952696987497,18180042808324105790
6777324873236270804,17032019893229419563
1557168843349281662,11921583867607724440
6932635952696987497,4955358985203599432
1557168843349281662,11161436202428556883
1557168843349281662,3561997181415993892
1557168843349281662,4263761589480858761
1557168843349281662,12020007798586701114
1557168843349281662,17966032830430991817
6932635952696987497,17157474492762691757
8165312431167100292,5157422387211030502
6932635952696987497,17295536243923749899
6932635952696987497,4772778022314077468
6932635952696987497,11496453949762320975
6932635952696987497,6829988331618088568
6932635952696987497,2144780206136896417
1557168843349281662,6958247779109562968
6932635952696987497,12456289937307966541
6932635952696987497,16451071045007549779
6932635952696987497,16323850163579698166
1557168843349281662,117670676586453915
1557168843349281662,3740630768415793803
1557168843349281662,9584732147277825974
1557168843349281662,5825487048944560009
1557168843349281662,15509636015826297800
6094724891156739191,6186295548592404747
1557168843349281662,2839685233565318424
6932635952696987497,6981605159967723854
6932635952696987497,11141483668571179054
1557168843349281662,10513469071760076715
1557168843349281662,11835867904156924176
6932635952696987497,4074511041293632018
1557168843349281662,17121996178461127459
4309139985406007,5680572928552622337
6932635952696987497,737961122999197741
9940225664624557646,10970634474252162311
1557168843349281662,14134622811794006927
6932635952696987497,2896560284441548641
1557168843349281662,6194501145336848490
6932635952696987497,10807665753383984911
1557168843349281662,15733350176666029713
1557168843349281662,10513914674027775149
1557168843349281662,16777275034980341614
1557168843349281662,14277752634644184000
3499166134066056831,13012619568974945008
1557168843349281662,2087981289350255787
12966036082195728086,16849707934093248721
1557168843349281662,14039145709125560101
18339158743128192813,3792389749027829526
6932635952696987497,6033513560131797253
1557168843349281662,11499324219898025411
1557168843349281662,13156491563051912357
7298200487920746415,2894967994217952039
6932635952696987497,13796756174659621853
6932635952696987497,2185090965098789210
1557168843349281662,15069234732304526196
6932635952696987497,2783316267181970705
16616351484885716503,1554550038151061707
1557168843349281662,3469626159972519846
1557168843349281662,17900440686513071960
6932635952696987497,3566798246978330339
6932635952696987497,15470217774359618168
1557168843349281662,18154628361980877853
17141538459583239774,8718967204565004733
1557168843349281662,3186915306758071161
6932635952696987497,11957918505911606690
6932635952696987497,2515155925443677299
10747403750373770301,1884012844944307285
6932635952696987497,13884437324986841809
1557168843349281662,11341784848492103185
6932635952696987497,62207874534607241
1557168843349281662,5564144218507206429
1557168843349281662,2105279667649369293
6932635952696987497,865027148961465127
1557168843349281662,3958999337773827558
1557168843349281662,14078175840219137526
8549300628909737496,3118841525782823586
1557168843349281662,18134746810266641604
6932635952696987497,1769039610630149924
1557168843349281662,4418186778226826741
1557168843349281662,17497013617039744868
5021959710926029289,1435530813752229603
14556008600644618186,3655657326714443768
1557168843349281662,8744043795328190319
6932635952696987497,13603575335327062495
1557168843349281662,10898908178979543941
6932635952696987497,6194271776152797079
1557168843349281662,3759474263400325921
18419802367148987635,193122798296294838
1557168843349281662,2558979432648243307
6932635952696987497,16142551612786031509
6932635952696987497,7741599536906027196
6932635952696987497,15202838078048839444
6932635952696987497,14391786319034509641
1557168843349281662,16654257708269235115
1557168843349281662,8244886044446958065
1557168843349281662,7978390852664296418
6932635952696987497,4777895122962233593
6932635952696987497,14404957264453653667
3223323774192066709,7553807840969327967
6932635952696987497,9545258091553511020
10840373866714413775,804157634458941215
17026705530238689123,13122103782311335091
11341567173834451678,8972007827977149311
1557168843349281662,13797150778593421688
6932635952696987497,17196098113220027936
6932635952696987497,9825670018256569309
6932635952696987497,4374035567880759891
1557168843349281662,8316998673391394943
1557168843349281662,9052953316097433607
6932635952696987497,3062389901101675384
6932635952696987497,13369644067863266872
5207519045511996728,18396426517813243839
6932635952696987497,11359528254467353186
6932635952696987497,14389697902897728789
1557168843349281662,8794725713736736169
6932635952696987497,4117273875617666809
15937403798725790653,3309299011157801193
66992888314839629,2013303185773412090
1557168843349281662,17579057004119613703
883110640756005089,16373663180303682123
13811722910387165065,5231068636395375467
1557168843349281662,10795740782454138793
6932635952696987497,6508806213436733112
6932635952696987497,17418296244836190211
6748254908156983351,7529525095316170424
6932635952696987497,11385761294992026930
1557168843349281662,4448585137416778526
1557168843349281662,13371494033590435412
1557168843349281662,17417668696291429354
4259453504451406920,9067484722383508852
1557168843349281662,17333829580022436771
6932635952696987497,8473084323318104275
6932635952696987497,10978197038392740548
12797166606635717443,5508013148101506111
6932635952696987497,6126215644137048621
1557168843349281662,15812758839402202854
6932635952696987497,15533546765859517078
1557168843349281662,16228615515536078908
1557168843349281662,12446868872454790852
6932635952696987497,4886094324521899049
1557168843349281662,3187858047361290307
10858968358999628788,17389928907493893533
1557168843349281662,4076065002828863973
6932635952696987497,6239950656556496700
1557168843349281662,9940937734801728289
1557168843349281662,50402559684264729
1557168843349281662,14261515703440970116
8833933367897445401,6226387886783974032
1557168843349281662,7476745273107161145
1557168843349281662,12580269437994483864
6932635952696987497,919915848161622821
1557168843349281662,17138714020221022541
1557168843349281662,11377210163961132550
1557168843349281662,13435392204455871760
6932635952696987497,4517185406000510171
16535373043641106308,16278553784633687673
6932635952696987497,9729579874370358789
1557168843349281662,16164879931505915145
6932635952696987497,7969589488248651654
15936269496020115966,6774994660260057924
1557168843349281662,13699354994394812453
1557168843349281662,16437760663522632269
1557168843349281662,18414479121350454003
1557168843349281662,15099894543760944650
6932635952696987497,5868474191638681179
11898938387061301889,10761162063407813400
6932635952696987497,9097960267277479346
6932635952696987497,7329242223467610110
1557168843349281662,5404649550134171584
6932635952696987497,11281783289787347417
1557168843349281662,6735066452863895070
6932635952696987497,651773063506839775
6932635952696987497,9475951959383269438
6932635952696987497,16372488319630141672
1557168843349281662,12692613550871257326
6932635952696987497,13894740018450787158
1557168843349281662,11083901162129974745
6932635952696987497,2723637464231990798
15305880561210319082,18204320237112981135
1557168843349281662,1694624147119990668
6932635952696987497,14684298474948440053
6932635952696987497,8407500092582890314
6932635952696987497,16543636134212478365
1557168843349281662,10412945372853050084
1557168843349281662,9945652161384314830
1557168843349281662,7889067576032229583
3717021288660973211,17117778843313805500
6932635952696987497,11054734437609291348
6932635952696987497,7415256676462759977
6932635952696987497,6848814114395708595
6932635952696987497,3707250281020519584
1557168843349281662,13780988560215685144
1557168843349281662,13560411755950062851
1557168843349281662,8182612799712851229
6932635952696987497,9458032264538017924
1557168843349281662,3768098583172537585
6932635952696987497,6756088498798122682
1557168843349281662,5949612020231028042
1557168843349281662,15134078245650501812
1773269690795218979,4955896425536175402
1557168843349281662,5258768333575060865
1557168843349281662,159278342227466859
6932635952696987497,14000201039377041414
1557168843349281662,10606190224107443076
1557168843349281662,5712034795297986918
13509123248692188802,112660038104093077
1557168843349281662,12008250435256276954
6932635952696987497,12606700796772167780
1557168843349281662,11144947818239552701
1557168843349281662,557266505811323240
12257687467743202561,13232527230967929815
6932635952696987497,17356591532768981000
6932635952696987497,6408164140970406446
526007776229541696,15773870718002646295
6932635952696987497,10651863323828610578
6932635952696987497,17811278913665450208
1557168843349281662,8746102580878907401
1557168843349281662,765153195246657145
1557168843349281662,959892540767248291
12223670282873542275,3651251688857066810
1557168843349281662,292671539758794233
206093411199683336,400529618536045632
6932635952696987497,6622087735590752915
1557168843349281662,789130703789159613
1557168843349281662,5027597812052868438
2718931862431302652,9883989360381590923
6932635952696987497,14761030361169552542
6932635952696987497,4105779569127908633
11621521796799216037,11742814201303775303
6932635952696987497,10650434997393026623
1557168843349281662,16446843324540091014
1557168843349281662,17605649131395865334
6932635952696987497,15871961533112379312
1557168843349281662,6418624357465879447
6932635952696987497,10797652464931327805
11095768890998222546,6776354382248332195
6932635952696987497,6162558059628110359
1557168843349281662,1887383010076836332
6932635952696987497,8265890263176338901
6932635952696987497,9780305648153269053
6932635952696987497,3447259369539308874
6932635952696987497,14410753455780935349
6932635952696987497,4397762309081599834
6932635952696987497,2068174731070806490
292206685443360553,2439611674378491396
6932635952696987497,9182917823540148559
6932635952696987497,3861082185008029487
6390297632535532172,265862653635524639
1557168843349281662,1706446351920598069
6932635952696987497,16699664634665308380
6932635952696987497,16763057367854893196
6919789331602880782,8595040056303356402
6932635952696987497,16479921957529278503
1557168843349281662,9447508073025147873
1557168843349281662,8767842517655369518
1557168843349281662,15398116492463871907
1557168843349281662,7706422696601641852
6932635952696987497,8741675598838106715
1557168843349281662,14407094483592270278
6932635952696987497,10006080417571337632
6932635952696987497,2389747428089001044
8535001831205695282,16322892534073028795
1557168843349281662,18182587368250831312
12092113960692658960,16464800835857394663
3024075337645639108,1101851100558820092
1557168843349281662,7450350875883841896
6932635952696987497,7349967499972464079
1557168843349281662,11844725119243993390
79316635614509210,4958043611139001361
6932635952696987497,1674089633478030465
9247667256311856692,5784144677822782702
6932635952696987497,7964717423343317185
6932635952696987497,10946243753420680109
15871467983398996174,1822400854626069503
1557168843349281662,4303287598794953786
1557168843349281662,15393064529242693857
6932635952696987497,6120710556605056603
1557168843349281662,12137302591611883593
1557168843349281662,29717634564257668
1557168843349281662,3763848074051327354
6932635952696987497,2217132053629298228
6932635952696987497,15848097245654925365
6932635952696987497,18221034311931156211
1557168843349281662,4530838362257116439
6932635952696987497,15305418266294171713
1557168843349281662,9403095637705629339
1557168843349281662,4819454651209747823
6152503573372850972,2850419005271497963
6932635952696987497,16986751570389200842
1557168843349281662,352283717327418100
8640111423807655879,12861562609642952444
6932635952696987497,6155762703414029899
6932635952696987497,12237403785392586980
1557168843349281662,15788341347710532717
6932635952696987497,13973260819599551521
6932635952696987497,15278044972299393668
18082082121457427340,12288917805099424675
6932635952696987497,17315076442694018557
6932635952696987497,7506902259882265674
1557168843349281662,4075194141754412471
1557168843349281662,243168374068687853
18109209090912844099,12322671618100007513
6932635952696987497,11851601926121783431
6932635952696987497,9402889103552114128
1557168843349281662,13004965396933678581
6932635952696987497,12061147108215228975
1557168843349281662,16108125805762710439
6932635952696987497,11249780153279255734
6932635952696987497,7663670157342213394
1557168843349281662,2426142694189877271
1557168843349281662,9319097480390573223
14960778320399072845,8359371244712271701
17772325366168791665,1702906829858727601
1557168843349281662,18085214529268235572
6932635952696987497,17013265880630001182
6932635952696987497,17595822158891834941
1557168843349281662,14479431042272935000
1557168843349281662,14519374290427454613
1557168843349281662,4345356669113670813
6932635952696987497,7997329008132123469
1557168843349281662,5251281768812124069
7710339280903152971,9214368461373495422
6932635952696987497,1416740841125453092
6932635952696987497,1140355517830117438
6932635952696987497,7046177011996068770
1557168843349281662,14729083313365343398
6932635952696987497,10876589656634238974
6932635952696987497,5298194857133626015
1557168843349281662,14915053157435240119
6932635952696987497,13702753430002824518
1557168843349281662,3796722187495337744
1557168843349281662,12020555570979053961
6932635952696987497,17295076712973171523
6932635952696987497,2828747963767649605
6932635952696987497,17546108504383224695
6932635952696987497,17060120656100869203
3624903845376076227,11401330690495753185
6932635952696987497,16144845953856777688
1557168843349281662,16244006091132861517
1557168843349281662,3675053700692900250
6932635952696987497,9875726751615760603
14001224233678930839,5320566698900253183
6932635952696987497,8268514104170434059
1557168843349281662,12614760555597763686
6932635952696987497,12042121280766593471
1557168843349281662,9471555366444784339
1557168843349281662,11239049495671842787
6932635952696987497,5359462233408419947
1557168843349281662,11768796954968719074
16634151668056420374,1216968065298425297
6932635952696987497,1872480267532280622
6932635952696987497,15782314233791635772
6932635952696987497,3182703329779530351
429419652377752427,9879989100762847026
6932635952696987497,14377450660116768893
14328326415284368154,3194907125838261845
1557168843349281662,6560976266444323623
8450196229548562202,456022859156981924
15144217610486804262,13571320217805801299
9190299531561712585,4273231454551806969
1292461076431253343,5264690865275305349
1557168843349281662,1444149635965769980
6932635952696987497,14500381811941625640
6932635952696987497,7422802466657985503
1557168843349281662,15343361163746450079
6932635952696987497,1047494577604175696
1557168843349281662,17388524645438607049
6932635952696987497,3585458212665586536
1557168843349281662,16571222942923439658
1557168843349281662,4648099241601975728
10466310483454318,13045798580741435967
1557168843349281662,7533115678580843858
1557168843349281662,8325131529190134827
1557168843349281662,2936140276863118026
6932635952696987497,11863151739453834879
1557168843349281662,15554492389502155252
1557168843349281662,9694145335135795689
1557168843349281662,389378236585656009
13809843118079904737,7642699874992267723
4517044745226630647,3795944609919984702
6932635952696987497,11056415207547218003
13228331098865783320,3623647394423386405
11534964053918305970,14503255929501150044
6932635952696987497,1178869571529549097
1238368329608532184,10375268984885677011
6932635952696987497,18197716620249490838
13373130445578254066,2748127371448826967
1557168843349281662,16645065775546694444
9489871262958023993,12376901515923149028
1557168843349281662,13327248880860900267
6932635952696987497,3869135382230009432
16796136391169265668,16105100528107575209
6932635952696987497,6521261200239665812
1557168843349281662,7846419800991718275
6932635952696987497,1476747225121680647
1557168843349281662,15285487710076708527
1557168843349281662,1550289919338448143
1557168843349281662,5403998862887140987
6932635952696987497,5630249328302710519
6932635952696987497,15985302703551474849
6932635952696987497,9114524625213759099
6932635952696987497,4772500565233659737
1557168843349281662,13770459818620379549
6932635952696987497,13118272276315559541
9076295456856298667,2961408119810968209
6932635952696987497,735405712386407020
14158601505924312700,17341821904672836685
6932635952696987497,4876572560384533851
8817167321759078606,3871245391965101690
1557168843349281662,17807111973158868970
1557168843349281662,7636696323283951936
1557168843349281662,14772114280596738480
1557168843349281662,17019480719769678546
1557168843349281662,6246444256567638752
6932635952696987497,8162458802128766034
6932635952696987497,7698095069019287308
10964198321375540709,4163758870829351918
6932635952696987497,10398209852046698177
6932635952696987497,13461658686153275330
6932635952696987497,12769308030476155603
1557168843349281662,17162245371199765113
1557168843349281662,8781021348472108288
1557168843349281662,8892205203463559630
6932635952696987497,3256363076301022113
1557168843349281662,9570669398472481495
6932635952696987497,2438049888311234997
8437437423346189669,5802506655575335617
1557168843349281662,1247590240055461428
6932635952696987497,672557273172797623
1651917728244739316,8911603574304908566
6932635952696987497,16182950859030130811
1557168843349281662,14755293513029077860
1557168843349281662,18053181318414622024
6932635952696987497,17300594640071064950
1557168843349281662,7440731145181685137
6932635952696987497,12257721198410860933
12042786240342190414,5845998180754216814
1557168843349281662,2490277440749857271
18240866139452408004,3509190275607359482
4554383502636986788,8808484407700247961
6932635952696987497,8528398864102670457
10614004924284620294,12156029208121488213
1557168843349281662,11624975059443109183
6932635952696987497,6167779615429824084
1557168843349281662,8021021825222134094
1557168843349281662,10417446930088025855
13051323983247312671,13113058671937128786
5039854756040502678,8050134844566011053
6932635952696987497,16213727740467690100
6932635952696987497,13664296808723138966
1557168843349281662,5527424581698780440
1557168843349281662,6259275124968267674
1557168843349281662,7558566461246476839
6932635952696987497,12623997893547059822
1557168843349281662,921948542387584751
1557168843349281662,18162896687631846049
6932635952696987497,18246009299503792574
1557168843349281662,520435424938498314
1557168843349281662,15697776131828145064
1557168843349281662,16559906861544291261
1557168843349281662,5497845885793451378
4042771177827188328,16169146124102733494
5137103219231468824,12389233160754213238
6932635952696987497,11890631884339727340
6932635952696987497,16201012017086708905
6932635952696987497,4457116185831105943
6932635952696987497,8145782556028894491
6932635952696987497,1268664553607462996
6932635952696987497,4363766215423272478
6932635952696987497,9162887858949033052
1175888456265675857,16951271702684418111
6932635952696987497,6128712361909212358
1557168843349281662,12313153321586528819
1557168843349281662,14196079020003237655
6932635952696987497,14864173948239775784
1557168843349281662,10700954303572215130
1557168843349281662,17811075277875509113
6932635952696987497,3982675881912377826
1557168843349281662,2139808963728592932
6932635952696987497,2290605334485557148
1557168843349281662,11321253614006500885
6932635952696987497,5860638812844074851
6932635952696987497,4920946272474159077
1557168843349281662,6154068115952590317
6932635952696987497,25673271374293524
7323891255337513799,13413266721904316462
1557168843349281662,12437935471357685008
6932635952696987497,12381685111160941494
703570306919556337,10859237210596845821
6932635952696987497,12981840628605817267
6932635952696987497,13097230828357283846
12901121671547463062,4115569128973432249
15509868923272616251,5438235525398800827
6932635952696987497,2170157701378686224
6932635952696987497,5803382783915275053
6932635952696987497,9853417247503370890
3023472167175397535,455474121687691670
1557168843349281662,12149075753403047100
6932635952696987497,9688668937661746407
6932635952696987497,7216632765312953279
14740086161941927709,7435587920310228105
3592200133278509476,6027241008049052117
7538783462054620345,3665437154502867887
6932635952696987497,7361277604035107237
10915902800549767031,9676594962529341606
1557168843349281662,3515111845769916385
1557168843349281662,6735682237044046639
1557168843349281662,6527683309773991020
1557168843349281662,1728369754144327033
1557168843349281662,15651520325572565123
6932635952696987497,6904692038550939023
15052228604816559106,9994354488709688558
10723855665078450966,14054942207356985342
3382861380353574574,6729214456213495716
6932635952696987497,13011491446586326827
1557168843349281662,15046688914026154014
1557168843349281662,57197065289917595
1557168843349281662,3844384189962691748
6932635952696987497,10033041693683388552
1557168843349281662,13746644339115538726
1557168843349281662,8932309279939608702
6932635952696987497,10012612634648299857
6932635952696987497,3944242409275049004
1557168843349281662,6224825198013878970
8259154970933870103,9912159857873107257
1557168843349281662,9875062250336347555
10156298555081547265,9437336059453622712
6932635952696987497,315391491810944939
1557168843349281662,10512993204728545107
8896762656776906216,5482928757979692107
1557168843349281662,12427295830164544989
12876870216681780242,11567475937560649993
6932635952696987497,7819540656886660864
1557168843349281662,3583755114232045726
6932635952696987497,14754209730432790422
6932635952696987497,505265468033544530
6932635952696987497,17184826589558458287
1557168843349281662,4891964106582490720
1557168843349281662,1126625988466260185
15501460040611585773,10919838689202502498
6932635952696987497,13557623575755688822
1557168843349281662,17992292136681874155
6932635952696987497,8598388685423792166
13101859934641521082,16799235522392818614
6932635952696987497,5502944053542283637
6932635952696987497,2026990777668222213
1557168843349281662,3194128682481164987
12315476263258766492,5913674907153358280
11961920145929302810,2408081550541124607
10619021729079840111,4354672772600401047
4825940294625053637,17439984416264703746
6932635952696987497,15103892398266156584
6932635952696987497,4535678283018173789
1557168843349281662,18399978863016516237
6932635952696987497,17782616216275734326
1557168843349281662,11250647628749216421
6932635952696987497,16458446487291430031
6932635952696987497,13473715141699274275
6932635952696987497,13271898425856313598
1557168843349281662,3103255749484989758
1557168843349281662,18268475940503545443
3997390566477207469,3151553965638589922
1557168843349281662,15534969275927278581
1557168843349281662,1425998474896866235
1557168843349281662,8343398477413422095
18078551342566628524,11333444069276613684
1557168843349281662,4285921794201053148
1557168843349281662,9171491193523939155
1557168843349281662,7664243583850563801
1557168843349281662,15770127741235614899
1557168843349281662,1487476288540251457
16788074374902848943,6168925528192663336
6932635952696987497,3515919810071408087
6932635952696987497,447644633176865514
6932635952696987497,9073249762160678026
1557168843349281662,7732138196842700939
1557168843349281662,6854769767763714623
1557168843349281662,838375377883185538
411716359341402115,11204743856047134734
6376038895166378335,16631767403766669279
1557168843349281662,6768814916560487563
1557168843349281662,17670624527269051787
6932635952696987497,11095000355177214016
1557168843349281662,6010030126029402197
6932635952696987497,17169812226242062486
6932635952696987497,6590315477163851475
8533484445322362245,11531857762433654469
6932635952696987497,18003096999664519331
6932635952696987497,4570351079705185285
7697942124590418960,9395323607879789164
6932635952696987497,13918720387487398489
1557168843349281662,5308460012066237997
6932635952696987497,566895064094794614
1557168843349281662,478150267852383870
6932635952696987497,12121649289340948380
6932635952696987497,2985001214650998244
1557168843349281662,9167712738019757545
12823941767476533276,6327208670329620197
1557168843349281662,4089179053459939033
1557168843349281662,11380203179392860930
1557168843349281662,11692685053720190633
1557168843349281662,11267348879790850669
6932635952696987497,2943965500867544436
6932635952696987497,15778969830824989500
6932635952696987497,18318350740407150381
6932635952696987497,3856045731446035886
6932635952696987497,1297988446534572966
734339548920625005,2549907622121063477
6932635952696987497,14288037995666935208
5031578806324707499,18125548752864630391
1557168843349281662,12299380954348984218
1557168843349281662,15281969715881058861
6932635952696987497,3946268295803798919
6932635952696987497,9739992934785381285
6932635952696987497,17511758680352798345
1557168843349281662,3981067448311380989
1557168843349281662,9244000013408430480
6233752722789094713,17654343044727633389
12500343181913516081,9979202157706917526
6932635952696987497,17294360463038023542
1557168843349281662,6953334913120396190
6932635952696987497,8303603794721840785
1557168843349281662,8769286269786366436
1557168843349281662,148387175099768586
4705599723308829941,10571347662041528524
16248666278901864817,14781116671430795672
6932635952696987497,774212032259200451
3739785448747325224,12371535899687807352
1557168843349281662,10004037160263766880
3337546434810060502,7689148850421676689
6932635952696987497,2979179819669434923
6932635952696987497,6820006629383011775
1557168843349281662,7707664720181775284
10872770602813999104,2772573418499113359
1557168843349281662,15514932667728303269
6932635952696987497,9442713072245378411
11858394186108375570,6733700629228581726
6932635952696987497,14591324085080494741
6932635952696987497,9160784292848470056
1557168843349281662,5981492365570872881
6932635952696987497,8283720263569354853
6932635952696987497,9731505838441555596
1776513941873015874,9357260290923710146
1557168843349281662,16217928512351996044
1557168843349281662,17611621309694002829
1557168843349281662,5078607360559773797
1557168843349281662,3337387548360777285
1557168843349281662,7360524943599372296
1557168843349281662,9002312442885134553
1557168843349281662,14939051096420245846
1199830897163252736,9627838508310323488
1557168843349281662,970431737696086109
6933909268609285905,15657852623832139396
1557168843349281662,9226319248212115924
6932635952696987497,7189966324486880598
6932635952696987497,18204446882095181837
1557168843349281662,5925595376974917073
1557168843349281662,2221650769380759702
1557168843349281662,9003561960166728233
16372718810224999302,18180732990819961291
1557168843349281662,16345497104919818253
1557168843349281662,11170948743622087996
1557168843349281662,13502569252101943599
1557168843349281662,13867056312092996519
6932635952696987497,5053093208261509731
6932635952696987497,7557889890189032320
9083478698923688558,12241505691953620765
1557168843349281662,3444990603017032491
6932635952696987497,18102353200401009128
5984371909904721061,16465783251164912737
7157186573162320688,13531785211492793881
6932635952696987497,10210619001662613226
635463171200664237,17617434455898663634
1557168843349281662,11614022733360519158
1557168843349281662,2153411374293087297
1557168843349281662,17396904866408332123
6932635952696987497,7357967547583922416
1557168843349281662,2581253384825562494
1557168843349281662,11967678156422140339
15949323614855408430,15086788263522142250
1557168843349281662,16471801369468211146
10616757395305713269,9199657243504758656
1557168843349281662,18412877833122528421
13593679990651793824,16950136772339625374
1557168843349281662,6516355278252412676
1557168843349281662,12509853420097414357
7454245144070788643,9365863464369514579
1557168843349281662,3995187725788490981
6932635952696987497,4680105757531448529
6932635952696987497,137630228154994044
1557168843349281662,15087085396478678906
3373136381067445789,15821533221603163211
6932635952696987497,11117259867631972625
1557168843349281662,4350318655074195650
1557168843349281662,5110013320705809320
1557168843349281662,10894016749545861947
6932635952696987497,2746353082228196756
6932635952696987497,6724357194387800749
1557168843349281662,7317786191170806798
1557168843349281662,7156356935331482714
6932635952696987497,8604994214668425127
6932635952696987497,1469803087610613222
3723196434972243145,13009903467904627500
6932635952696987497,12901280235949617948
1044258160480153368,7466963807418182740
6932635952696987497,12686152503420759322
6932635952696987497,12950328830047410245
1557168843349281662,13840688311408439116
13390302757231863822,7541227540025544260
1557168843349281662,14634391593913765893
6932635952696987497,468963952086031119
6932635952696987497,573085517736093438
6932635952696987497,17323423963707698189
6932635952696987497,5615114176018504754
6932635952696987497,12535913198801166765
13342642940893056673,17239164885110644209
6932635952696987497,2919021493033401060
6932635952696987497,4915424265861870182
1557168843349281662,6380144883800955817
12530473680810640868,8739003633226652146
1557168843349281662,1440921534381599284
6932635952696987497,12631713970496047159
1557168843349281662,16587834534304424827
18441754053674361235,1897106043058086435
17263684094097189506,6747828475599900910
1557168843349281662,116065071061908369
8912020891368315062,9265157175571606421
1557168843349281662,16146052908719742325
1557168843349281662,6001548893497670018
12317074381829296412,12376663074396601019
6932635952696987497,228496794609100917
1557168843349281662,3746381232665030338
6932635952696987497,4657706598607370439
1557168843349281662,10524591875081707003
1557168843349281662,7137825936624396003
1557168843349281662,16072358539478400384
6932635952696987497,5270203909379525121
6932635952696987497,5090748592406645281
6932635952696987497,10067655427001403195
6932635952696987497,7221563890521086313
1557168843349281662,5228530665404582800
11488420549577065878,16622687063375950727
6932635952696987497,7491731259385111952
1557168843349281662,5815021091350551754
6932635952696987497,1123118719883976568
10490986562869215785,6186624427046696120
6932635952696987497,10623604962425572946
1557168843349281662,14831358840280775526
1557168843349281662,15168875104709795179
6932635952696987497,16991409669348260956
6932635952696987497,13179501840796082236
13090846649202592209,4244053925224240211
1557168843349281662,4526646289813113175
1557168843349281662,4650224381045861736
6932635952696987497,260414620647112787
124054358094648754,5338688591141489728
6932635952696987497,6230104134939634838
17062436227080512464,9250862711762813101
6932635952696987497,581833375539824733
1557168843349281662,2268398100853731838
18205497223928967490,17443957408911120637
1557168843349281662,10551925992781139037
1557168843349281662,13626050922042385966
6932635952696987497,8387377568391492321
6932635952696987497,14048302741275337067
6932635952696987497,17817969932080840705
6932635952696987497,15114578752189910263
6932635952696987497,14018195996253927334
7532249673352213273,11924932103355565492
6932635952696987497,11171259906237530185
6932635952696987497,5889512347144701679
6932635952696987497,17413252695309622856
10859269174297892094,8143071564372373336
1557168843349281662,12514500918447211318
6932635952696987497,7364683096705989370
1557168843349281662,16543370713171193324
6932635952696987497,16387294203133419279
6932635952696987497,15072728452270329674
6932635952696987497,5210647174922501566
6932635952696987497,6155309862698381015
15205877609559277836,6146148022209976182
1557168843349281662,11192202428113302137
6932635952696987497,17993913479945688155
6932635952696987497,3972529787690400160
6932635952696987497,12487329096474723769
6932635952696987497,5887471558685681493
6932635952696987497,3687521990747261995
6932635952696987497,7205924439359510969
1557168843349281662,15529689301704671930
1557168843349281662,15713811708307710
17766955619596181995,12816212372982188682
6951670748086232692,7894251517965294298
1557168843349281662,8376723710998712852
6484906427918956240,1444570458809410721
1557168843349281662,2272490399340687761
6932635952696987497,4976673005518823845
12373078460732334618,1377445119990853860
6932635952696987497,8968228912511397564
6932635952696987497,4537379523925168886
6932635952696987497,12522717534045859361
6932635952696987497,5553561247236206542
16655714848108437384,16889038952216740454
6932635952696987497,9737815169739406346
6932635952696987497,6425236718016653732
6932635952696987497,1955207601127188887
9897890888324148186,8096544159871291451
6932635952696987497,4921629930887034733
1557168843349281662,16720282944176343143
6932635952696987497,13765766219216769305
1557168843349281662,18075083421244688341
6932635952696987497,16496218721668442877
6932635952696987497,9057569854174816429
1557168843349281662,12057472714497292827
1557168843349281662,17843653871364784370
6932635952696987497,11179964667281258681
1557168843349281662,14740685904104915106
1557168843349281662,4324854041885726191
6932635952696987497,3201756252571734637
6932635952696987497,16230913271060817236
1557168843349281662,5443007365601330782
1557168843349281662,12626742634574470854
1557168843349281662,9444084493279321582
1557168843349281662,11888922700495776469
1557168843349281662,11944958244553616925
6932635952696987497,11826183310616787219
6932635952696987497,1239425490198791805
6932635952696987497,4399336813376524592
6932635952696987497,13072814929731351419
6932635952696987497,4504007018044655896
894951550128923211,15594628887590457601
1557168843349281662,12905317044102949846
6932635952696987497,404489909147223000
1557168843349281662,12518412494310893188
16422070134661940955,13848727646394424206
2763664092743368886,5402842116684264307
1557168843349281662,10117768118303955857
9744681274338882055,14436572318815451327
6932635952696987497,4104168075771811794
1557168843349281662,7211597987441989068
6932635952696987497,4614717602701140127
6932635952696987497,10123775008207537267
6932635952696987497,12276211973546074951
6932635952696987497,11996020479190759903
1557168843349281662,16518850051279232980
6932635952696987497,10136160386257534692
2889397326436320459,13723037679072502992
1557168843349281662,4317156821871470228
15972285243216588606,2048245555406215376
1557168843349281662,4366547890395710902
1557168843349281662,4568021903931591731
1557168843349281662,419983989151661366
1557168843349281662,17372103073414696348
6932635952696987497,2727810029117066264
1557168843349281662,3837675799216115344
14775666965444970422,940286702685346313
1557168843349281662,13725196229916434542
1557168843349281662,1685489701232399102
6932635952696987497,7122358882046158869
1557168843349281662,18377785280756434797
1557168843349281662,8454695651031866329
1557168843349281662,15400016929517657868
1557168843349281662,17658409079005465170
1557168843349281662,7077479287818774265
6932635952696987497,9038211692865838088
6932635952696987497,17946848641921199603
12338419324723766372,10132158173935847687
10851631237174164475,6647685384854292040
6932635952696987497,5028402369981735615
6932635952696987497,10877094731565518531
1557168843349281662,15972903842824060666
1557168843349281662,3440072865930438364
6932635952696987497,9662881160958065638
6932635952696987497,5237678285046448486
1557168843349281662,7636435360130370860
1557168843349281662,17957890242349009453
6932635952696987497,12444948977179617331
6932635952696987497,13910989329769168049
1557168843349281662,12696767461721180542
6932635952696987497,3532038862030755657
1557168843349281662,389008954259393439
6932635952696987497,1290687698950538347
6932635952696987497,17211779356194312020
1557168843349281662,3345411379634350928
1557168843349281662,11158901630734014374
6932635952696987497,15007326035369760369
1557168843349281662,10388430411493549584
6932635952696987497,11324359213209220564
6932635952696987497,18345505025040484843
1557168843349281662,4355118257335170274
6932635952696987497,17477759854775097657
1557168843349281662,16293840264244116993
1557168843349281662,14260080762225670566
3844079724287305375,2493368173507700641
6932635952696987497,14007598818955585612
6932635952696987497,5071654350035667882
6932635952696987497,12692440860115105322
1557168843349281662,1070994844965825242
1557168843349281662,10557543402080077735
6932635952696987497,3603497252067444429
1557168843349281662,10322154889844842440
1557168843349281662,772270387892457194
6932635952696987497,4122550997799602532
1557168843349281662,13274246302838800975
15732239618150573072,7818327023276540106
6932635952696987497,14277613621022214987
1557168843349281662,535887699707001785
16139018532994889710,158745332818155390
6932635952696987497,11970735946557934858
989240562029389606,11580839570063673024
1557168843349281662,11124652869825478324
16858537951771276485,13744778335566488209
1557168843349281662,283932143088981169
16869684060178377806,9810929396621918891
1557168843349281662,11662018200285385009
1557168843349281662,17575083172843508504
6932635952696987497,10361481838306122973
6932635952696987497,13123632954105936467
6932635952696987497,3682636514559113146
1557168843349281662,17422534231598974223
6932635952696987497,3492923354082501090
6932635952696987497,17941163316971911587
1557168843349281662,6502174386474193279
6932635952696987497,1262402124875407202
1557168843349281662,8065211901895847955
6932635952696987497,13597508144816995986
10222096691804485207,2825940034453145582
14165161949258271981,9728386341214201601
1557168843349281662,3616761331343192681
6501351993382884666,2679943184787783112
7424974396344689755,7473528158532696592
1557168843349281662,16783028415212171701
6932635952696987497,9907113981072190275
6932635952696987497,4722374401568428050
6932635952696987497,13137119246361677449
10722191947339984653,9368825917265046056
1557168843349281662,2593341624321615999
1557168843349281662,9971378280938255818
6932635952696987497,4956791147119063298
6932635952696987497,6184490755339080423
6932635952696987497,9371711464698526153
6932635952696987497,1242483116443343640
6932635952696987497,2322069051882769607
6932635952696987497,7258013743311158196
6932635952696987497,9740785141982874076
1557168843349281662,11829903124419023878
6932635952696987497,17616874160452129552
1557168843349281662,3471117615290774935
3957251027280353877,7598266642791014425
6932635952696987497,13709511444687005732
1557168843349281662,4863559561890301405
6932635952696987497,4187787589463280723
1557168843349281662,7175536100680556303
6932635952696987497,690296604811482510
10554280782505201922,4165193174330409275
1557168843349281662,82634679916631744
1557168843349281662,4700124194717897628
5260923753318009074,16378051368443521665
6932635952696987497,7351249326451207346
6932635952696987497,12997365227404187129
6932635952696987497,15154963282211380550
1557168843349281662,10321858182926579258
1557168843349281662,15762626635081299769
1557168843349281662,18153809888744515481
6932635952696987497,8340975053751730777
6932635952696987497,12846757914574204874
6932635952696987497,5092093865465193600
7048828004897608265,9506715216248563299
1042390275156820390,15269640397544306742
1557168843349281662,17422786632933366148
1557168843349281662,6431180297234156989
1557168843349281662,10185265402319181695
5940916454828571360,10822897176819453931
1557168843349281662,1697643152792589689
1557168843349281662,13706090408850370051
18021412043603531194,14734601394714163768
1557168843349281662,3950642227678417491
1557168843349281662,15043346422102832615
6932635952696987497,7758179770783913164
1557168843349281662,3854497366632970575
1557168843349281662,17402640007199406233
16047591133671195658,6579858564114267076
1557168843349281662,8915301643383314310
6932635952696987497,4156177917623732327
6932635952696987497,9736677407432783924
1557168843349281662,2332260993403463298
1699318427842570837,9841676476617711742
1557168843349281662,2510560240530851845
1557168843349281662,6637874792651239238
1557168843349281662,6307287288094580809
12144214042588846913,12722979722268287742
4308792054424795845,2571991676671685909
6932635952696987497,15589533682394410416
1849157775770263866,11318859347257445681
1557168843349281662,1967157252478262448
16499026132327195554,17564224889631596906
8494699028164192557,4154113154139056416
6932635952696987497,10423431886202584085
14119625484525659960,4415548447481079153
6932635952696987497,14209945360667591676
5598294545786123193,10014699727950461989
6932635952696987497,11585127897680213075
6932635952696987497,16662817592146228022
1557168843349281662,608356663761626396
12960994069352196141,15769629433334491563
16418695298494419606,6198258091149638793
625889936925628770,8022002891917801607
6932635952696987497,16430239665011784343
1557168843349281662,5433523489158988551
6932635952696987497,916921856756377565
6932635952696987497,14183142067739289628
1557168843349281662,16743644950335897437
1557168843349281662,17166889458712701482
523913519548544516,13337570135727785166
1557168843349281662,8087091148803665955
6932635952696987497,2000783536239444421
6932635952696987497,7634665367564160698
1557168843349281662,12380017914867286588
17758894009398447913,17879363089325459794
1557168843349281662,2060882705126048032
1557168843349281662,8569775454818737178
1557168843349281662,18119512061942043271
6932635952696987497,6201035995363665339
14115574835393037864,10091453730846998129
1557168843349281662,12925871383453630500
6932635952696987497,7081810706217217579
15196786251819993046,12708690146496891217
1557168843349281662,13185690340976213910
1557168843349281662,24360072222584471
1557168843349281662,9032707781176624835
1557168843349281662,16843082746028285217
1557168843349281662,1558139396264572
11377160572480628014,8951922652956392387
1557168843349281662,9104695736554740132
6932635952696987497,12267211693726788148
1557168843349281662,12517303955938745530
1557168843349281662,1465977724074768449
11968597599511305170,3827493281933679697
6932635952696987497,12504866969843490649
1557168843349281662,1645285175951618655
17489189347802838255,5442975473650227459
6932635952696987497,11737799911845715587
6932635952696987497,12401272637507786793
6932635952696987497,9513454296260848735
6932635952696987497,11905257131114538418
10914708402915029889,16682484894465616960
6932635952696987497,4505953442481979356
1557168843349281662,8322959155759543103
6932635952696987497,11680850986275554091
11582316345341056466,17246832138789622332
15095987805609904578,9396536248558904696
1557168843349281662,7898680842577058222
1557168843349281662,2078626732835999053
6932635952696987497,14240352844748919155
6932635952696987497,8207864478480017019
6932635952696987497,9613944103400858173
6932635952696987497,14074573810398309853
6932635952696987497,7569476767639635008
3703273899234780941,4711438603306734714
1557168843349281662,5909618393166829049
1557168843349281662,11640889902012492366
16893762856376612492,16138524560104615464
6932635952696987497,5695100869648428781
6932635952696987497,12761611662631562612
6932635952696987497,11569408484370425194
9408573521601635226,16352777815642163430
12616444045293300456,8798666294340975123
3439917245132513375,7075882184090673782
1557168843349281662,13984038719975459463
1557168843349281662,15269540592062267414
6932635952696987497,18303023688029319228
6932635952696987497,203648463601558931
1557168843349281662,16698155051290984638
6932635952696987497,12435984135245533084
1557168843349281662,15129973678554180273
16558421662341763843,7349903497390816989
277055902221523965,7546538369306012984
6932635952696987497,7522974816913818513
5032126041522191194,2205765547198519364
1557168843349281662,14442325521672566556
1345525144086003410,4960054010449583807
6932635952696987497,10168621328239179212
